49.884398624,-97.147044715
55.000191905,-97.00049444
50.983319544,-98.800754797
52.13191129,-97.261757505
49.846920965,-99.95306116
55.743504129,-97.855790104
52.35851408078497,-97.02129364013672
50.628056,-97.043333
49.90738,-99.94915
54.678055,-101.681667
53.85691,-94.65383
53.95823,-97.84359
49.903056,-98.273889
53.971389,-101.091111
55.801111,-97.864166
56.863888,-101.07611
58.74051,-94.07267
58.7061004638672,-98.5121994018555
57.8894004821777,-101.679000854492
54.5588989257812,-94.4914016723633
56.5133018493652,-99.9852981567383
54.9333000183105,-95.2789001464844
53.8456001281738,-94.8518981933594
56.0894012451172,-96.0892028808594
54.8396987915039,-94.0785980224609
54.5189018249512,-98.0460968017578
52.1206016540527,-101.236000061035
55.3189010620117,-97.7078018188477
55.5889015197754,-97.1641998291016
55.8656005859375,-92.0813980102539
56.0374984741211,-96.5096969604492
55.7491989135742,-101.265998840332
56.7928009033203,-98.9072036743164
58.61798924635475,-101.46564960479736
56.05147814120977,-95.614013671875
52.99676,-97.27818
56.3573931228171,-94.71116065979
51.78483389373529,-96.69204711914062
58.609717155,-101.579698898
50.417218416,-95.436323627
49.974998176,-97.005933381
50.065312558,-100.173081354
52.483323916,-99.984123568
49.671692299,-96.822318572
49.071122478,-99.662540814
54.790134339,-101.558575604
50.2689065,-96.71981235
56.582738174,-95.91704295
51.64171371,-96.806234147
51.525016186,-96.586718961
49.739194431,-96.872323847
50.064412011,-97.733489521
49.098913862,-99.191918162
50.433916343,-96.964544874
50.262197947,-101.389535429
51.66811911,-99.608015394
54.796533569,-101.382472376
49.335818732,-99.564429256
52.003320531,-100.150845982
51.64171371,-96.806234147
49.354697835,-97.589599625
54.611228164,-101.558875329
56.966339537,-101.897877608
50.136700987,-101.369244855
49.405619253,-99.85664958
49.362511779,-98.989701734
50.265620793,-99.826441002
54.789333415,-101.384972394
55.925206299,-97.561559176
54.201240191,-96.750512015
49.399998921,-97.458980543
54.700131254,-101.510774319
54.826834819,-101.414973051
54.722331714,-101.407972824
53.990358461,-97.816191582
50.506122035,-98.029915734
49.957499283,-97.099540455
59.197311033,-98.555024608
54.758433357,-101.595475523
53.969824833,-96.617729342
54.71843169,-101.429373188
54.850935972,-101.389071422
52.829258308,-101.581248945
49.601418335,-99.863655876
54.666230203,-101.5435743
54.80593399,-101.421573324
49.074685783,-97.481800435
54.725731547,-101.387172646
49.878298424,-97.145644554
54.849419628,-95.631811035
52.176423854,-100.150052753
49.526404467,-98.07404928
54.250104405,-100.833888482
49.797222276,-99.848052807
50.07809602,-96.49998851
49.876399481,-97.217349835
49.48751173,-98.919385045
54.759832807,-101.545176158
49.813296419,-95.20988948
51.98832019,-100.143645495
54.748764561,-97.502714518
49.714209736,-97.911818213
49.34000741,-100.500887717
49.203901489,-98.378877956
51.19580824,-100.063331914
51.283311379,-99.785217398
51.959704056,-98.066024073
52.976752878,-100.980553454
54.267089798,-95.784056546
50.440626728,-95.262414572
49.494704123,-98.555762114
49.883109212,-97.67649215
50.361919421,-99.815533002
49.133611865,-99.036111081
54.083398575,-101.000804666
50.645818917,-97.902603239
49.053868761,-96.478105125
50.1811103,-97.455069147
56.22275272,-96.50074869
54.473502549,-95.397126868
54.810134846,-101.538875832
49.398604067,-98.497968151
50.735596703,-101.02148723
49.88499331,-96.636201303
50.666716181,-97.050660726
50.556918626,-99.193590478
54.674115978,-94.247077399
54.841919647,-94.090351508
51.375004397,-98.542436438
56.231306352,-100.569234287
49.869700558,-97.386261798
50.905007913,-96.996260939
49.078095878,-97.93764663
51.740311204,-98.883559939
49.711384913,-97.132589791
49.711109096,-98.075730933
49.406684509,-96.858725315
50.318113032,-97.266757139
49.676687017,-95.908042224
51.291910092,-97.686795024
49.686395537,-95.326596363
49.703096251,-95.248790469
51.075010197,-97.583976038
51.477810273,-97.298171701
54.76703,-101.87433
51.511708988,-100.021146758
49.966421113,-99.937564332
50.608911365,-96.296186678
50.11190018,-96.934824336
49.792196755,-97.143745168
49.811097951,-97.199549152
50.517197366,-101.152298731
50.639416631,-97.215067677
49.133595384,-97.869037859
53.87449,-94.65185
53.10752596,-99.813594593
50.13750145,-96.833717054
59.050059933,-100.000451491
49.901717012,-97.759009554
49.974723727,-99.835855972
50.266907078,-100.874199525
53.784087017,-94.417144758
54.373799696,-95.586538972
49.128903017,-98.46858592
59.571202486,-101.158117973
54.158407093,-101.375805654
49.98750973,-100.615099868
52.000296034,-101.324489905
55.31346163,-101.844068372
49.872499982,-97.284554817
54.264489788,-98.225605621
54.266787325,-98.501428456
55.169851145,-101.334653982
49.501388591,-96.875324782
55.03943,-94.75639
54.208481706,-96.052678747
51.186419426,-96.327498279
51.360305708,-100.143346685
49.665598876,-100.662800752
50.845811868,-97.218168721
50.166713965,-97.753488712
56.089960157,-96.10873434
49.650788437,-95.794133242
59.902922866,-100.663396377
49.852499893,-97.289855322
49.215813234,-99.200819595
49.335599891,-97.911840852
50.327524012,-99.505217192
49.990603704,-97.452567419
49.933299116,-97.100641102
55.088457061,-97.575806487
49.047506136,-98.659999518
54.875730432,-100.043504265
51.582818379,-99.576611926
56.132460116,-96.254844755
50.533620374,-95.453826301
49.80499987,-97.50007023
49.820630038,-99.652535413
49.674395353,-97.11124403
49.772204427,-97.617882951
56.433047557,-95.117208921
49.363604011,-98.59017707
58.854284295,-98.661385637
50.466709837,-100.334147283
49.133572985,-96.763727185
54.17840825,-101.361602954
50.13170929,-97.547377204
53.908488493,-94.946261269
51.83002373,-99.54411101
52.103322407,-99.55911133
57.000574981,-94.583055692
49.914699174,-97.120042779
52.829756878,-101.655953577
49.974692834,-95.957449039
49.132796895,-97.942445302
54.66262956,-101.806076133
52.4994384,-100.729758198
58.712282529,-98.480854592
54.750131888,-101.384072783
49.669998457,-101.168127537
54.033362649,-98.233923046
49.903598976,-97.119842711
52.988311898,-97.234496678
49.334702454,-98.25136363
54.766533333,-101.574376089
49.074369764,-96.811736719
54.479415116,-94.996513581
49.646905729,-98.547149456
49.177796531,-97.886338923
49.041693847,-97.872142127
51.198616215,-98.903254077
49.950298735,-97.062838011
50.076094375,-96.02745534
54.765432431,-101.381372612
54.527718475,-94.781506786
49.664214114,-98.896375338
50.620301907,-100.718668396
50.951920318,-98.645748362
50.560618207,-99.055181196
51.100834,-100.0525
49.90572,-97.23351
54.1671981811523,-93.5571975708008
52.0456008911133,-95.4657974243164
54.6105995178223,-97.7608032226562
56.24986,-101.30343
54.91728,-94.79553
50.249999443,-96.168067258
50.25360016,-96.061159281
49.516883373,-96.500289887
53.162816774,-97.42281959
54.750136773,-101.767469562
50.024397932,-96.884219218
51.616903357,-98.483533827
54.173473452,-96.212391799
52.036145488,-95.461621628
53.750063847,-99.3340173
51.766116222,-96.647520582
49.268106034,-100.996691206
52.164247864,-95.379114379
49.224972136,-95.917252178
50.724224374,-98.273527029
49.666705333,-97.500674102
50.245320843,-99.843643704
49.164986496,-97.340080386
49.191898962,-98.101358391
49.354993775,-97.365672009
51.666713333,-100.000843692
49.605593402,-97.042339463
50.633921977,-95.327717267
49.908899113,-97.12894329
49.680798491,-100.713703727
54.848735601,-101.493876041
50.228924814,-99.466419885
49.39998646,-97.008939012
51.666095521,-100.915283733
49.888899981,-97.235351079
49.85390022,-97.473967979
50.062195825,-96.516689448
51.376412751,-96.916243685
51.149409063,-100.050227941
49.190819376,-100.494773586
49.230619225,-100.055863531
49.623896066,-100.933713986
49.868925081,-99.360207222
49.49920223,-98.001557151
58.76811,-94.16674
49.346415667,-99.247517737
50.666714199,-97.450679857
50.966389097,-101.380608812
50.483308516,-96.050562333
50.983316677,-99.050768893
49.104688292,-97.559606486
50.633616709,-96.990656275
54.554918806,-94.476803363
50.568113985,-96.562315828
54.666523092,-100.83156851
49.875300956,-97.40896326
51.185015674,-96.582321407
54.657017957,-99.789602272
49.466686606,-96.833921693
49.977198297,-97.010933719
53.8637911,-94.666252024
49.935797616,-97.024235251
49.183318912,-99.663636094
50.143601786,-96.884521167
50.105795163,-96.016154905
50.470005449,-100.575260404
49.656397025,-95.150483435
49.617196237,-95.211288199
49.05972642,-99.974751076
49.181697641,-97.941044385
50.500317353,-96.970348129
49.972818182,-98.29262983
49.992818939,-98.269927372
58.799009468,-94.212636491
51.128911975,-99.814412297
51.229985954,-101.356503873
50.250012955,-97.333955274
49.61719975,-100.261201127
49.916695447,-96.750611446
49.709418618,-99.097993461
50.275818785,-98.074915433
50.250011247,-97.000635462
49.168598595,-98.086557032
50.164201875,-96.751211393
49.583285894,-96.500587992
49.525786175,-96.684505875
49.265592027,-97.340372027
50.333314401,-97.83399881
50.134407214,-97.326756298
53.812684848,-94.918564754
49.133271282,-96.517305536
50.680598259,-100.933681754
49.76499665,-95.188286959
49.999400429,-97.162843277
49.779405192,-100.234792822
49.376875377,-96.109160803
55.148740429,-98.45306507
52.50002862,-100.250833074
52.105800737,-101.267585281
52.176403678,-101.245283653
53.825089218,-101.254131613
55.197943283,-98.397252881
52.498322173,-101.41559407
52.945852177,-101.361694796
54.160204652,-93.567615173
49.708287218,-95.933844335
50.682817886,-99.556406324
49.818596981,-97.136744348
49.704195829,-97.091442193
50.030810942,-100.24028504
49.050027377,-100.251161972
49.850801918,-100.932618576
50.45,-100.6
50.0564002990723,-97.0325012207031
50.2943992614746,-96.0100021362305
49.8782997131348,-100.917999267578
59.48707,-97.78107
50.4846,-100.48267
50.605613864,-96.555014541
57.935641314,-94.171870397
49.60469515,-100.857610244
49.915813893,-97.847406988
51.913891529,-101.549213764
52.365309801,-97.029827827
49.730303355,-100.197795427
49.946900858,-97.288954429
50.312521338,-99.750832917
50.626694712,-101.283706322
52.396123978,-101.104776196
49.874200179,-97.256752827
56.503860191,-94.210839619
50.447222573,-99.440808688
50.422500576,-101.048397621
51.025024501,-95.681634892
50.179399752,-96.496992033
49.828599404,-97.310056966
58.317592184,-94.155922935
50.26691883,-99.930047313
49.238305849,-98.679692233
49.781088017,-96.205865404
49.838921139,-99.979462798
49.693097191,-97.264555357
49.390602161,-100.677794
50.88971481,-99.561099617
56.248010657,-101.308761366
49.796115381,-98.720165855
50.274408952,-100.668986341
56.945576103,-94.117126338
49.800811797,-98.17103037
56.462869841815795,-100.00579833984375
52.320621765,-100.952771734
56.524661706,-94.129434309
49.664992886,-96.87562375
50.08309863,-96.945024519
49.949399926,-97.158744445
49.786895276,-96.858422649
49.741693962,-96.832520363
50.550022668,-98.647957137
51.734712007,-96.934242088
49.835297026,-97.156445632
50.118327716,-99.000183481
50.268310281,-100.529479193
50.773116488,-99.492999834
49.45889682,-97.369569307
56.705530181,-101.23145216
49.831397182,-97.099541702
50.029407362,-97.596480288
49.830321029,-99.968061812
49.254712567,-100.696983215
51.219396149,-100.853373214
50.728614773,-97.217368035
49.950317426,-98.293530822
49.558899347,-100.443697779
50.531405892,-100.491149602
52.155647794,-95.374413886
55.706885475,-101.222082503
51.304209325,-97.564586647
50.101112828,-100.201979933
49.180026707,-101.263385892
55.588003682,-97.156044898
49.201408655,-98.894704451
50.148898431,-95.881146202
50.566410572,-96.218079214
49.07526589,-95.978855556
56.296047691,-94.854990868
50.695622385,-98.031512903
55.029534772,-98.415272577
56.85193698,-101.047337171
49.167520413,-99.820844034
50.057522136,-98.467141791
49.966125005,-98.779374941
52.683645918,-101.110877708
49.872497919,-97.083440466
51.350781263,-101.510115493
50.982813793,-99.665502527
51.953124383,-99.559710503
51.10891876,-96.305295661
49.240603212,-98.537485575
49.989198798,-97.039535497
49.444380085,-96.386681535
49.371102894,-98.244660988
49.979699041,-97.06783779
49.846694292,-96.733711481
50.695792743,-101.408714779
52.086104971,-101.040076533
49.407515121,-100.021967027
49.534187936,-96.762513172
50.180614,-100.186970634
49.816691283,-96.567295588
53.704487476,-100.311113654
56.062747097,-95.619779444
50.995010302,-97.409566517
49.142222477,-100.288968132
56.126645843,-95.377554698
49.842197264,-97.1117424
49.924396852,-96.995033021
49.876698264,-97.120342854
49.533104449,-98.558558094
49.943596979,-96.843418332
50.565304709,-100.579757965
49.766402564,-100.628997366
50.107521247,-98.31963006
50.090011998,-100.589797786
49.929413959,-98.004612497
51.062212588,-99.78080922
49.806928485,-99.518924401
50.622515209,-99.968925913
49.001403427,-98.487191583
55.979149533,-95.99321589
50.050811211,-100.367288572
49.353299915,-97.83743032
49.322504898,-100.84199255
50.683314247,-97.530382594
49.847497109,-97.003433535
53.641808975,-95.754716911
49.229415469,-99.348625215
52.994411061,-97.278400591
50.358314279,-96.957839509
49.089395604,-97.908543509
49.007491386,-97.740727236
49.59059129,-96.890925145
49.621102835,-100.146994239
49.927514631,-98.078817023
49.400019246,-99.629432091
49.870796915,-95.257995188
53.957892722,-101.058016286
49.541899575,-97.369566973
49.088297133,-97.996351373
54.948526507,-95.265984731
53.774538421,-95.451880826
49.945597417,-96.986431891
55.67329895,-97.684070077
54.254295721,-100.534092711
49.836700119,-97.411263728
58.540405268,-94.129816123
49.14188801,-97.156255984
49.893327178,-99.711442255
51.016886921,-101.443111385
49.88609636,-96.838719812
51.027817011,-98.97856329
50.136125637,-99.713643876
54.223994612,-100.601097906
49.849728306,-99.700840135
52.035013285,-100.648677662
50.86249244,-101.241501522
54.586228979,-101.377969593
50.150010441,-100.7853041
57.879982666,-101.671805144
49.912799042,-97.112842213
50.048127331,-99.564433606
50.456104516,-100.671169613
49.966919784,-98.462642808
49.795299594,-101.361547117
54.678999927,-98.995360706
58.424603446,-94.134511417
49.133570367,-96.415595847
51.070817439,-98.260725447
49.385316368,-99.244715663
51.468596302,-100.729174781
50.256413127,-97.319254832
49.332781071,-96.805022169
52.829450777,-101.442010591
50.301416535,-100.034449838
49.315574704,-96.263073762
49.844697336,-97.159845812
49.867198117,-97.163145802
49.891400115,-97.308156511
58.061750267,-94.14795422
49.73139899,-101.235934971
54.62593617,-97.779447601
49.146410385,-98.9497082
50.756116631,-99.480799783
49.555816893,-99.087496802
49.875306165,-97.639286055
49.928092825,-95.832439147
50.270008008,-100.782593465
50.779722031,-98.041512936
49.581097181,-100.576199728
51.790815191,-96.705924332
49.050295441,-97.959649731
49.60438879,-96.689505029
55.878051602,-96.472961967
49.995610222,-100.464493648
49.910798598,-97.080640147
50.125000858,-96.854818369
55.637109709,-97.062142668
50.282800992,-96.16726777
50.236712601,-100.321971628
49.442788295,-97.051442144
49.251883706,-96.962535956
49.607510325,-100.032776964
49.095616538,-99.340827788
51.303106946,-99.13937258
49.83442108,-99.979462626
49.904999262,-97.155345054
56.69136731,-94.071629028
55.53847261,-101.013501642
49.852499943,-97.284854978
49.867223651,-99.832252456
58.198669817,-94.144337207
49.133597459,-97.976048006
58.78120897,-94.187034403
49.989194525,-96.568693232
50.446418251,-99.089388638
50.907210314,-97.21756906
50.277224149,-99.270503691
49.250294011,-97.104542668
50.801912202,-96.994559349
49.803905533,-100.390089084
51.182212693,-98.346327846
51.175006284,-100.296644178
49.895800537,-97.357859823
54.574024332,-101.683583637
49.458089919,-97.246457681
49.950325435,-98.936882907
57.692531788,-94.230998328
52.780351205,-101.216686782
49.190270264,-95.95975499
49.969222212,-98.630757903
51.188919898,-96.28949457
49.830006534,-100.296191538
50.798917186,-98.975169326
49.091689522,-97.610412485
56.565263571,-94.062730026
51.149703734,-100.488651748
56.347450417,-94.708078735
49.140285295,-97.243768647
49.57438614,-96.567794126
50.225825646,-98.95078007
49.885294752,-96.727510025
49.555821132,-99.291908055
50.652518439,-99.306394172
49.861697743,-97.106241953
49.635594623,-97.13564686
49.630592792,-95.529412193
49.252212873,-99.155217097
50.380011704,-100.299755241
49.07388643,-97.527404667
49.098093229,-97.797631051
50.06969865,-96.946424689
49.999202002,-97.343958058
51.392192124,-98.500432776
50.554213492,-96.633919914
49.766696693,-97.050638491
53.208317794,-99.300747773
51.174199842,-100.69866529
56.299902753,-100.483426858
49.509204836,-98.158249527
49.830320969,-99.935059204
49.633890205,-96.729209117
49.67830919,-100.060081134
49.666708118,-98.197139354
49.878590095,-96.247769558
49.965795557,-96.715906599
55.911892896,-101.289280859
57.370602396,-94.169613874
49.024981506,-95.513314006
51.503311187,-98.594039326
49.506120429,-99.525827301
55.276552008,-97.831100501
49.871692861,-95.69222753
49.597512725,-98.880174147
49.508605986,-97.864928078
49.192493844,-97.656315244
49.979427842,-99.297209934
49.007785787,-97.562411868
50.063605162,-97.442368151
51.768900407,-98.635444553
49.860600036,-97.364260475
49.04558326,-97.370690621
54.17729321,-100.625499237
50.180611161,-100.596990868
49.917202497,-101.072828806
50.755592049,-101.453118529
49.985628196,-99.468025068
52.481420286,-101.425094036
49.480799339,-100.523397036
49.018294993,-97.972951468
49.617194821,-95.373599925
50.862821515,-98.101815867
51.529206458,-100.394166725
49.435010327,-100.12918153
49.744709958,-97.778502583
51.422816683,-98.663243636
54.006992817,-100.874707295
49.982228061,-99.110495434
51.083111505,-97.620682085
49.935013703,-97.916807456
50.244223434,-99.665531925
49.043275535,-97.076261791
50.594994289,-101.384213387
49.086870305,-96.695624032
51.653307726,-100.460271807
50.077797322,-96.707304922
50.07582278,-98.496344263
50.453916357,-96.947844066
49.405819051,-99.731640336
51.929192379,-101.44150117
54.367601685,-100.157448452
55.156837897,-98.109129943
49.919397842,-97.045337196
49.74109938,-101.33284183
51.140810071,-99.978323144
51.090314767,-99.150473215
50.05252849,-99.138295647
49.889416743,-98.515748684
49.443906276,-100.270090413
49.975602273,-101.240341435
49.874990969,-95.90864398
49.675608537,-97.993228117
49.852500201,-97.25925332
49.908898762,-97.095641193
50.531109534,-100.322742923
49.216116798,-101.116186644
49.006875613,-97.215374676
50.498117218,-99.91222782
55.541888704,-97.527660642
49.370001209,-98.002954218
49.996124609,-99.800053477
49.354399541,-97.727915786
49.710595372,-96.988933873
56.06722057671354,-95.59925079345703
49.877493993,-95.57191824
49.990327552,-99.609136974
50.94469122,-101.252000305
50.081727396,-98.790168562
50.544410035,-100.299441724
57.447814308,-94.198008384
50.476902627,-100.766975605
50.62471977,-99.462503536
49.841711946,-100.13508382
50.241925003,-99.122693166
56.795529364,-97.141935249
49.944399579,-97.124242257
50.687815056,-99.872720495
50.023900559,-101.366250008
50.078298621,-96.862517929
49.998919916,-99.972767954
49.843299972,-101.371550035
50.506718733,-97.251266183
49.038091304,-97.728825445
50.780793159,-101.284806
49.273595063,-97.472586876
55.853334197,-92.08652348
50.934688864,-101.480116647
55.124048068,-101.087448364
51.193889512,-101.209195304
50.43780594,-100.591964916
51.082810377,-97.127360395
51.234992405,-101.03698416
49.900025543,-99.079692651
50.591717562,-96.997055666
57.197487202,-94.168826455
50.766894681,-101.160096827
54.440122689,-101.383577508
50.451416499,-96.954544515
55.726625776,-96.813246618
49.847197361,-97.13174386
50.168105481,-101.217832485
50.49971753,-96.975348539
51.64861354,-99.926638856
56.176645639,-95.213135966
49.881698795,-97.174546543
49.873900164,-97.273754139
50.2072131,-97.6606856
49.732498797,-101.08202521
50.181425832,-98.77796718
49.839697232,-97.100941761
49.624692249,-95.566915074
52.828349451,-101.397601807
53.962596123,-101.248621737
55.742386287,-101.316488427
55.761887615,-101.199279491
49.835297148,-97.123443239
49.125307029,-98.73330047
50.135609694,-100.858709515
50.537214768,-100.068932809
49.735804199,-100.467585386
49.546889261,-96.829519652
49.366401012,-97.940745038
51.389412227,-99.589408126
49.370601776,-98.114057462
49.500005046,-98.344955317
49.798114553,-100.076476119
49.019193575,-97.861342044
49.458600624,-97.434875834
49.04559177,-97.746026844
49.878298453,-97.152045085
50.669199899,-100.811973923
49.826715079,-98.620157341
53.996960202,-97.785888992
49.670020373,-99.796951105
55.266854261,-100.941529436
49.569202841,-101.288724042
55.455786689,-97.407664222
50.00191702,-100.051473644
50.490300458,-100.914784678
49.412206122,-98.661375431
49.071885981,-97.448997813
49.862799773,-97.301456166
49.849697519,-97.071739498
57.166995525,-98.500022238
49.821097069,-97.088941053
56.7794887481662,-98.928108215332
49.040569918,-95.766141668
49.918116096,-98.27433083
49.816896935,-97.147845253
49.508107816,-97.7054042
53.486117355,-97.73781893
56.245558636,-96.094321023
49.03527811,-95.639734287
49.65860762,-98.342444736
50.428909366,-96.446997925
49.566093037,-97.18395195
49.669689742,-96.650001329
51.442522192,-98.800451819
51.059414148,-99.52409621
49.912801865,-97.542374372
50.41281814,-97.941509012
50.448896758,-101.305111644
49.317183496,-96.949535186
50.08640313,-97.219546554
49.440287374,-96.985036393
49.10356805,-96.267281629
51.192519751,-96.302495889
51.071718304,-98.867454841
53.696934399,-97.870906733
53.891887186,-94.951862399
50.65866,-99.97026
49.096729306,-100.802766648
50.375299024,-101.229512423
49.837221183,-99.99116364
49.595014641,-99.684756462
50.718098629,-100.88197738
54.50340763,-99.751801772
50.039728443,-99.333013838
50.12972425,-98.581852199
49.854399644,-97.316757163
49.916100018,-97.190647601
53.596984176,-101.404747435
50.153625248,-98.668859017
49.830020954,-99.990863728
49.890800037,-97.237851348
49.873100027,-97.293155524
50.016710859,-100.296486649
54.477921121,-97.925565134
49.9541923,-95.975850136
49.741696579,-95.203287476
49.207218498,-100.284773441
52.966721473,-97.967363464
50.527212769,-100.179137588
49.68250194,-97.444869156
49.399682916,-96.744214684
50.37220895,-96.625609641
49.730298809,-100.950617547
49.036093343,-97.82243624
49.594699442,-100.373699172
50.499719294,-99.128289607
50.385814453,-97.261761236
50.370307688,-96.490298907
57.074180947,-94.14492959
55.318264505,-97.68739107
49.55779543,-100.946511696
54.838718807,-98.754229061
50.384719202,-99.087189133
49.191094148,-97.761325084
50.300809909,-95.551927641
50.388922656,-99.6208218
50.469216692,-96.957545571
54.643397893,-99.159571809
50.113611181,-100.728103544
50.890812655,-97.607576806
53.00125,-97.27724
52.561128538,-101.373092536
49.200300468,-98.232468364
58.663504963,-94.120425442
49.393613038,-101.313707004
49.89559689,-97.005933934
49.636120985,-99.610238844
49.629406887,-98.698557763
53.908992487,-101.171922451
49.988118359,-98.223524241
53.436174873,-101.716981147
54.566209523,-99.477581579
50.120817112,-100.036667444
50.106908879,-101.149031691
49.340810617,-100.31278485
52.416708948,-98.001021644
50.802212979,-97.216268355
52.097510578,-100.813977361
49.557497934,-101.094216602
49.657487239,-96.45748489
49.838592683,-96.638402539
50.019722036,-98.514646321
49.803896908,-97.110042714
49.959999375,-97.097340156
50.002499221,-97.049836021
49.966098996,-97.073738507
49.956099234,-97.087839742
49.845320989,-99.992764072
49.409198618,-97.418176106
50.99830516,-96.9967607
49.861897886,-97.131743792
49.000629265,-100.248359373
49.860599375,-97.218450164
50.082796829,-96.658900671
51.448306165,-100.256658796
53.840089948,-101.223028501
49.443603465,-100.386992665
50.240603921,-101.112817507
49.845021086,-99.981163263
49.097768479,-95.831946335
49.798096904,-97.064239141
50.702213868,-96.56341483
49.816913881,-100.098678923
49.133871607,-96.56200923
54.909027252,-98.630309395
53.9821370492172,-97.83265113830566
58.7141310651153,-98.4829044342041
53.70429,-100.34277
50.983319544,-98.800754797
50.866720495,-98.859662047
51.428089066,-101.100888044
49.090287349,-95.239380903
50.374206801,-95.897249012
49.381104538,-98.60797606
58.250642118,-96.682073993
49.630586377,-96.434183027
58.620317561,-101.484688088
58.616417283,-101.500789099
52.791470966,-95.563012512
52.561132669,-96.49338787
49.658888228,-96.588695249
57.507189747,-95.831001618
49.611385921,-96.445883901
55.441559823,-99.915045165
49.337503599,-98.541077139
58.756183246,-96.918724653
59.367282897,-100.035781588
58.803134515,-100.500149047
54.246312966,-93.359611442
55.647139086,-93.709150115
54.603317855,-93.197254315
55.773040726,-96.485746946
56.65903847,-100.104804129
59.378711633,-96.114568109
56.707128908,-97.136923971
58.988453035,-100.303867471
51.909403191,-100.865082684
50.58750714,-100.43394751
49.71305203,-97.190094168
54.770926435,-100.675756075
59.131018852,-97.971144317
49.342783937,-96.95563562
49.285578259,-96.663710441
54.854337423,-101.575174471
49.657507532,-98.35044506
49.266083519,-96.947834681
50.187205029,-95.475519755
49.398900549,-100.969501431
50.118302038,-95.378811051
59.157552539,-101.76230645
52.171120043,-99.482506055
58.250045793,-97.000405181
53.853249668,-95.357673462
55.803811238,-97.185447182
58.745074947,-96.388176277
50.499711276,-96.409997771
49.771895241,-95.329697843
58.910330846,-101.761467165
51.711389767,-101.195896551
49.028128352,-100.260560833
53.910792958,-94.565446595
59.191222468,-97.885539934
56.72829444,-100.631426402
59.694803711,-100.386148681
52.530630503,-101.245884724
52.541731715,-101.242284895
49.43531469,-99.09330783
50.003128052,-99.193001251
58.83676786,-99.089819736
55.000145287,-100.456316654
57.071058389,-97.195513476
51.242188797,-101.19919429
54.930137437,-100.250411188
59.585392808,-101.969595499
59.186801198,-96.198977501
51.541087784,-101.166995315
51.82109006,-101.371500832
50.997828669,-95.406318351
53.460877861,-96.089753011
54.791838294,-101.702170086
49.448619951,-99.356917414
58.113944733,-98.469414536
50.466917676,-99.885228733
51.624384596,-101.5428198
55.629437468,-95.705389719
59.210705436,-96.559310777
56.185507349,-101.252063173
49.913596239,-95.393305622
52.411411,-96.908118675
52.349210363,-96.98952565
50.87062552,-95.234910131
52.137510422,-98.629651661
58.929589295,-98.648391847
58.550013909,-101.073846202
49.975298536,-95.277399586
59.27007686,-99.941364488
50.687198186,-100.935081631
49.396100274,-100.875899118
49.380601265,-100.856497575
57.356941677,-101.248148013
54.790924923,-100.027911371
51.645286389,-101.380310942
51.339190102,-101.031482191
56.453297272,-100.552524242
57.098543703,-101.452352738
55.059544364,-101.070753176
57.956059679,-100.429206551
51.841893839,-101.57622293
59.8760235,-101.762885559
58.941010985,-97.71051097
56.865536462,-101.151245185
50.079699334,-95.576123547
51.283888489,-101.169791175
54.586312772,-95.164308698
49.817795357,-95.334899359
58.191439459,-96.826486322
58.490376542,-97.919093698
51.801896755,-100.968384078
50.87172386,-95.348817625
53.066488137,-95.346293356
58.489519985,-99.760043997
50.83331204,-97.167367084
51.624196171,-100.87368358
51.846395233,-101.04258375
51.755589001,-101.339502165
51.857803625,-98.154924783
52.227518729,-98.79045625
54.80343994,-101.824372652
50.967222683,-95.699436882
53.858990698,-101.326434032
57.99996327,-100.292303939
51.889193355,-101.184186732
59.284329429,-97.635524678
50.39112176,-98.874373339
52.525032251,-96.426687414
50.174722739,-98.434341382
53.500425415,-95.21377931
51.374193181,-100.919480117
51.333287763,-101.153388446
53.854540134,-95.7638006
52.563131808,-100.398340622
54.00039801,-101.658918844
54.804530205,-100.946063638
52.534235189,-96.340883585
52.50781923,-96.787510304
52.532824966,-101.448097318
57.749656668,-99.744175005
49.016729221,-100.305860327
51.564389526,-101.090090697
51.530317623,-98.711844826
53.68541956,-95.719708672
55.292130771,-95.596490233
50.666419601,-98.887168838
50.770018069,-97.825098163
49.923096335,-95.402206514
50.085300733,-95.338307225
57.148557904,-96.148201516
59.40539652,-99.637664328
57.660010629,-96.95931943
51.641913599,-96.823735436
55.616903442,-96.329325058
56.052445059,-92.694859744
59.671201754,-100.273935732
50.613118313,-99.239691449
56.684129897,-101.458457789
59.000715383,-97.450793196
49.536890635,-95.599918217
50.70080976,-100.296640354
50.981919609,-98.052412377
51.741690477,-101.212795905
53.87649378,-101.655237556
49.168595328,-95.232976633
55.713499574,-98.016105495
50.476425053,-95.326118456
51.619184535,-101.532618704
50.012497729,-96.879229785
49.970597564,-96.915023363
50.269402187,-101.168118485
50.218904828,-101.11561978
50.266702536,-101.150917593
58.065332725,-97.423529388
57.913626483,-97.705451697
53.477650522,-94.63545623
57.796720609,-96.282063285
50.405621604,-95.33521758
59.633725768,-96.273991405
50.473899803,-101.000291253
51.150292995,-101.079786817
49.993099441,-95.189094206
58.363696008,-94.804370047
55.471854781,-98.449733252
56.723341946,-96.415415832
57.699629787,-100.086659614
51.923622455,-99.486905397
52.822577847,-95.267191193
57.767518572,-96.320968568
49.425019333,-99.374419375
54.808003123,-96.61108087
57.159180566,-93.039565049
51.773099109,-100.888384533
49.276408995,-98.921603091
52.342547507,-95.626332881
52.724265372,-95.599417674
54.410893568,-98.616430812
54.51451468,-100.531864122
59.166779642,-99.539029985
54.571318794,-93.019253556
50.196719953,-98.19042067
52.654725763,-96.792802124
52.453617569,-101.404491633
54.674830795,-101.36857191
49.001426726,-99.849743931
50.655621273,-95.344918072
51.590334898,-95.331620135
55.7958399,-95.29705871
52.034208181,-97.641489885
50.698116421,-99.049677492
55.010793219,-96.983593627
50.829215314,-96.316690905
50.742819154,-95.563631762
49.029728354,-100.178658933
49.395303976,-98.589673705
49.554404393,-98.586856598
56.57939162,-100.55092147
49.356948773,-98.604389566
49.360303869,-98.585177157
52.13191129,-97.261757505
52.483323916,-99.984123568
56.605985637,-100.463718619
55.041516967,-99.496222206
50.148104325,-95.274905176
54.57631007,-95.69572444
59.428485048,-100.638952075
54.680220212,-95.094795743
50.75001049,-100.250536939
49.506404688,-98.46015713
50.729722478,-95.172705926
49.710817276,-99.948063559
51.728906629,-97.686491265
50.739414216,-96.990057968
49.219219542,-99.929752451
51.0617189,-96.229187039
50.307216087,-97.966007665
50.300814631,-97.806795897
50.284416412,-97.981807824
50.20422517,-99.428018468
49.031678267,-97.229274495
50.195320825,-98.240724157
49.177199195,-98.137161609
49.017233183,-100.492260904
49.373912963,-99.039405547
49.886097681,-95.176289732
49.029226686,-99.914447202
51.102785973,-101.428109559
49.090287349,-95.239380903
49.861720818,-99.984764178
49.654187923,-96.5697937
49.464411835,-98.937688975
50.626100882,-100.775272069
49.908597435,-97.027835692
51.676408052,-97.377073364
51.680807559,-97.405074829
51.690306618,-97.50128075
51.733902412,-97.438974044
51.72780283,-97.430073868
51.762500635,-97.35006684
51.747201739,-98.420134305
51.899706489,-97.500978445
49.004728849,-100.066453183
51.772201422,-97.478976273
51.711905783,-97.300966405
50.515617305,-99.880825422
50.331923117,-98.751065229
54.87513181,-100.15741144
56.018498517,-100.850957685
53.654784126,-100.218906464
57.055947669,-99.938916392
59.9821292,-101.025936155
55.422964413,-101.430139711
51.574994361,-100.892783168
49.865595038,-95.451108731
55.288274959,-97.432682241
58.812829733,-101.478327203
53.807889306,-100.869414619
58.935699763,-97.170762966
50.166925384,-99.418019584
51.513882317,-101.519818348
50.44722221,-98.742163864
54.569513943,-99.89431088
50.332522831,-99.25140042
58.477023051,-99.628431235
50.529423539,-95.362720726
54.729421967,-95.206795365
57.226308173,-100.806732489
50.312214499,-95.36131631
58.912542879,-100.858596028
57.748617447,-96.090370151
58.025885481,-96.974002355
59.729617965,-99.658283221
49.35558486,-96.980637022
51.601885763,-101.352610062
59.162099724,-96.300985078
52.309457246,-95.171097605
56.839326713,-100.148119306
56.626611957,-100.816428018
49.990596068,-95.611123707
50.888316648,-99.045171256
52.489220961,-101.437595112
50.806092748,-101.288405971
49.451398562,-100.68559822
59.714634973,-97.57114052
51.546689674,-101.082589954
56.58302574,-101.895075633
56.225809362,-101.007549772
50.750321396,-95.361918555
54.493504876,-95.865727823
52.933986044,-95.011873634
54.499899673,-96.699904803
59.040341565,-101.694778287
59.407913629,-96.504809256
51.33330541,-99.501398598
51.562815401,-99.679420324
59.240415418,-97.060169118
58.130336888,-97.27601929
59.612121436,-99.059016414
59.306172566,-101.529511319
59.975145797,-97.838085923
57.877026235,-96.583465368
51.112229864,-95.479422034
52.092810451,-98.682153288
56.450485704,-100.023897253
54.579019401,-100.812969693
58.484210131,-100.880122957
59.90902432,-100.446678264
59.969022515,-100.182549469
53.749473506,-97.053662476
59.315980403,-99.943567793
52.338906495,-101.42448884
57.384885536,-100.224207257
50.500016958,-99.924428145
54.68453123,-101.841074983
51.109691045,-101.204195449
55.036534718,-98.331964862
51.197210035,-97.35236908
51.160310188,-97.3214663
51.166910159,-97.309565828
50.29110419,-95.872446768
50.591715794,-99.951925948
50.903290196,-101.424014319
51.605285022,-101.43341378
58.99509619,-96.716217896
58.27644837,-97.033508723
56.074886718,-98.629436008
59.106765582,-99.86074275
58.375360648,-97.687665372
59.213494196,-99.224302949
58.380905241,-101.61245683
54.960815078,-96.221849283
56.475821358,-101.708171126
56.228512243,-98.237718815
50.214709503,-95.214903896
58.737247678,-99.413134313
58.370058972,-97.489649274
54.658519134,-93.068441602
57.199669405,-96.800745244
59.547897912,-100.953397851
55.133737467,-99.80898015
55.474938569,-93.348539196
56.022147738,-94.336070325
56.952166581,-94.943383146
55.342724223,-96.477355438
56.896848975,-100.353732333
55.678539912,-93.033017022
58.319199346,-100.348184652
54.546013286,-95.147110812
58.64648059,-97.434661922
59.817134751,-97.437219609
59.484831395,-97.449423133
57.768925649,-98.697745168
57.095861367,-97.071891529
55.721939152,-95.149546507
58.202216486,-99.529808167
53.965491421,-94.235433682
56.456620661,-101.226747903
58.882875391,-98.928710025
58.289746588,-96.858993604
52.263921425,-100.658969144
51.817501185,-100.865884047
50.17142319,-99.820249333
52.565053371,-95.744434411
57.597803238,-96.386192942
58.878436199,-101.208911728
52.500025647,-96.659802677
59.345127958,-97.960866184
49.888898553,-97.12984354
57.000317616,-92.300120926
54.839829059,-100.189618507
58.475065429,-97.354843373
59.872940495,-96.086175174
55.018443972,-100.223500887
49.020328619,-100.130056497
51.681886952,-101.519220919
59.375676757,-100.480225905
50.739222055,-95.236610264
54.599501564,-98.723135278
53.095390874,-95.161883217
55.013441776,-101.079356551
55.115949628,-100.530116477
50.587224285,-95.224411126
58.455609316,-101.487959805
50.584716095,-97.684891617
49.830621063,-99.9794627
49.834197926,-97.191748212
54.629512256,-99.500683377
49.000033132,-100.43335995
52.712544114,-100.788654518
51.796898245,-100.926484127
52.493928701,-96.561196193
49.562200024,-101.191220312
57.329174345,-96.222913151
59.549025375,-98.557851124
50.98582937,-95.330514542
52.601936522,-96.404779762
56.562125168,-101.111241021
58.096142522,-98.68223297
49.990598994,-97.054236609
59.428182471,-100.351119476
59.461807836,-99.250433339
52.584426205,-101.623412057
53.758187956,-100.933318966
56.312456965,-96.184023267
54.211208687,-101.457708495
54.437020634,-101.131373338
54.289512446,-101.468901066
49.809995723,-95.293295809
50.560817653,-95.541131272
51.080024964,-95.734438521
51.798601237,-100.853384313
51.152514036,-98.038813076
51.722795203,-100.961984484
51.130014429,-98.168819149
50.829215269,-96.319991387
51.856094983,-101.058083433
56.945538627,-101.180945198
50.100799791,-96.944824772
51.76858926,-101.335901046
51.860803816,-98.13512393
54.484522032,-101.034670091
52.228317765,-98.757454833
54.800139687,-101.814672138
57.176299805,-99.501389147
54.766527196,-100.792160767
50.977523011,-95.69133613
54.789538462,-101.868275074
54.211994235,-100.547194194
49.70171726,-98.999985273
56.85636394,-94.880581475
51.543914095,-96.813435532
54.828171977,-99.453736465
50.928120477,-98.20292228
52.440635318,-100.726461756
59.449034415,-97.729154044
50.250612226,-95.236906747
54.32761454,-101.472195263
50.49421711,-99.922528491
53.115098254,-94.786059426
49.004730844,-100.355559875
51.634386188,-101.381511138
52.440815548,-101.60150227
50.700821804,-95.263012175
56.022376484,-98.78994507
51.884993082,-101.196987503
52.000045354,-95.417217132
51.635299894,-100.769183069
51.45939523,-100.808979197
51.6196895,-101.119192911
50.486714745,-100.085835906
56.80743767,-97.830304776
56.127701567,-100.862549848
53.719286802,-101.05772337
56.127745583,-95.315649544
50.075299541,-95.402411412
50.291917155,-98.004909892
51.530588994,-101.11089162
56.644153729,-94.973592701
51.782795952,-100.978384189
52.077224407,-99.683620444
49.071126943,-100.199762127
50.668619306,-98.905469725
52.664730808,-100.411148875
54.815731127,-100.999064574
51.609384875,-101.457814754
51.378092789,-100.931480644
57.151570088,-100.414534069
50.805603479,-100.578655966
53.969495948,-101.47112849
56.432130861,-97.044875703
52.479221546,-101.335587785
53.048931067,-98.558187155
49.834392896,-95.576917529
52.358326928,-100.520560211
56.043799857,-100.65284994
56.054393858,-101.856018878
55.965765561,-99.255577448
50.886115971,-99.363289554
50.491917543,-99.886926886
51.525011314,-97.964610761
51.425633652,-95.32551861
52.038103413,-98.654953813
53.999255502,-97.916999553
50.70891713,-99.249689175
55.707684396,-101.430398575
54.794332913,-101.291370627
52.272214089,-98.782457824
51.595291154,-101.028086957
57.805628316,-98.543030712
49.013929295,-100.300560263
51.681907646,-98.561839427
51.680008533,-98.576040001
51.656402381,-98.41013116
50.439411654,-100.265247409
50.959194738,-101.022283814
54.718233464,-101.718873274
51.642194026,-100.948084166
51.521117735,-98.719345144
56.668758539,-99.728381298
51.550297549,-100.765278795
52.261916395,-98.906864467
54.558013258,-92.68142195
50.761117496,-97.798496309
52.478120858,-101.371990351
54.767325979,-100.635154457
51.32309446,-100.832778249
49.028628805,-100.311660988
49.001926403,-99.828343282
56.500222563,-101.796272836
56.021612997,-97.251535044
56.399925291,-97.190179659
50.029999057,-95.34610596
49.038326958,-99.968050172
56.085860445,-96.36435913
57.217190844,-97.969769973
56.353812163,-98.776156597
49.298102341,-98.404674645
55.4870679,-98.051108691
55.861291224,-101.25538003
55.415995296,-97.186567143
55.678803651,-97.229841717
49.508119196,-99.677238141
58.857305241,-97.68130381
51.832499753,-100.911183633
58.841493087,-97.167357302
56.945827978,-100.874829092
54.381995099,-98.381212208
50.748314003,-96.987057805
55.715981428,-101.769929756
50.085798608,-96.93702385
51.838325417,-96.261690659
58.466002019,-94.966882871
59.916841523,-96.515420459
54.455502645,-96.157358209
51.561890798,-101.034787299
50.426917433,-99.922733556
50.021398439,-95.399909462
52.696440872,-100.627247295
51.170314676,-99.038264657
50.915025368,-95.346617496
51.150313696,-99.092169017
53.797010901,-96.429941015
54.747336546,-101.778570348
50.390309549,-96.655612664
51.08278496,-101.479812906
52.240835146,-96.146980082
54.582321471,-100.893270132
49.076726664,-100.199162571
49.426116286,-99.21611323
50.071113693,-97.864296437
50.298615861,-100.079452654
50.773108674,-100.326140627
50.86222275,-95.456924307
50.882816672,-99.035770827
51.822191684,-101.217291608
52.19863723,-96.053874299
52.48141929,-101.604005148
53.98628609,-94.029628125
54.827031502,-100.985463902
57.175282235,-94.789164171
59.4357675,-95.443548039
57.871952562,-99.99026529
58.333607227,-100.671307729
49.843114658,-98.475746389
49.826913797,-98.479346833
50.643616661,-96.980655489
59.750420101,-99.571573982
54.954041682,-100.477123077
49.03283186,-100.485861064
49.824994945,-95.428006056
51.595007081,-100.435870018
54.412665504,-96.901905872
55.848785648,-101.933232986
57.951735806,-98.633030929
50.835619873,-97.929604823
59.877123307,-101.931594324
58.731508778,-93.900101081
49.945800342,-97.207048143
49.90999925,-97.138744031
54.195168404,-96.378797763
49.419208297,-98.749378734
49.242816608,-99.438928697
51.63748539,-101.494217401
50.67112239,-95.190507404
54.805418561,-99.663493791
50.270609053,-95.510524377
49.785596616,-95.190487442
51.532182886,-101.495917051
52.594430137,-101.481702006
55.134848647,-101.085447326
55.200940267,-98.09912503
56.755833296,-101.088740688
57.70843215,-94.251898977
51.549213321,-99.761126725
54.622919441,-100.74656813
54.244469365,-99.060375877
55.58627488,-100.894891322
54.943240377,-101.566075148
50.434430198,-95.178609909
52.504266159,-95.155491986
49.22278997,-97.322572803
49.896697886,-95.174089931
51.92392382,-99.672718903
53.439846003,-94.607153133
58.687878735,-97.173542268
57.98951934,-99.028357564
49.405617381,-99.269715442
56.887668514,-100.419527141
57.373061447,-102.00038328
56.872984068,-100.506225203
56.500178378,-100.316414053
55.341549777,-98.314429765
50.236903491,-96.59810183
56.795744134,-100.297023716
49.672220931,-99.276102569
50.576123498,-98.119620701
50.617223792,-98.094918386
50.555022839,-98.121520998
55.000142036,-100.638233966
50.570820832,-95.431124632
55.209541258,-99.838975013
49.051727666,-100.325062386
51.552213955,-99.342192722
59.28261634,-98.510328057
49.782814559,-98.715764935
58.724526349,-100.773851085
49.291904348,-98.617985371
54.799818707,-99.675394387
56.779122411,-100.815324167
58.394601645,-93.38815396
49.061427391,-100.095556936
56.77194999,-98.917820619
50.225317148,-100.022256708
50.736416467,-99.087978637
53.816231924,-95.838310279
51.903942182,-95.581333318
57.218566057,-96.377312893
50.574215195,-95.64273691
54.557649563,-97.631630203
57.535525281,-100.774530146
56.615536657,-95.836425392
55.948343921,-95.492572744
58.155891362,-102.00247068
56.399618606,-101.788472962
57.236038185,-99.260301898
51.280009992,-97.645991922
55.382352558,-98.275525489
57.048516869,-100.898736229
49.143922522,-100.256968068
55.175230167,-95.091461715
50.423619086,-99.789127124
57.478059735,-99.190876
55.479088599,-97.390760527
59.249769759,-100.555023933
59.750409249,-100.475264421
54.030393066,-100.628297009
54.886832751,-100.159010154
59.014815261,-97.731115831
49.062827412,-100.141959545
54.545206224,-95.969336083
55.375952236,-98.258024608
57.952169951,-99.838679493
50.736399035,-100.842574118
49.947807522,-97.633185215
51.675786779,-101.494018706
50.651117202,-99.69441299
56.686931767,-101.00063247
56.770234404,-101.025635312
55.027936731,-99.888488095
56.782080506,-99.630292343
58.041740973,-98.396107987
59.357326544,-97.301600768
50.522809858,-100.314742722
58.027033452,-96.151722688
56.930147712,-99.848699112
51.121691167,-101.194194818
52.103109502,-97.563184172
54.76263717,-101.728569506
57.399456286,-101.457360544
54.824820091,-99.688794323
56.087997704,-101.75320505
54.677112032,-95.616819626
51.53561236,-99.795029259
59.167904219,-96.616815472
54.053497459,-94.758247562
59.927340226,-97.565837078
59.670131736,-97.144389508
54.46731107,-100.349955286
54.647707195,-96.191856219
58.31724699,-96.455356078
57.220249723,-101.437552284
59.234272923,-100.074974442
59.5076326,-98.019489275
51.480789964,-101.052287473
55.162981845,-97.225788893
58.085004504,-99.444181284
57.091290976,-100.568928367
50.750016795,-99.334092153
50.32081528,-95.353616213
54.927411964,-96.339658605
57.703372793,-99.291162545
58.040032369,-97.661048863
57.69721281,-96.397581273
56.077448438,-95.74368915
58.657035646,-99.596446858
55.521897826,-97.235155755
52.527823657,-101.521201982
59.718530257,-96.387605441
49.437819681,-99.445222821
57.420190098,-99.951682358
58.989594599,-96.602106893
59.770133696,-98.345331046
59.703232811,-95.692032339
56.955137407,-99.96731269
58.2386025,-99.798434346
55.017112706,-92.304430471
58.048440912,-98.595825138
56.531624375,-101.404254929
51.821692415,-101.171990015
59.153518925,-98.033654165
49.015326759,-99.878345284
55.057348858,-100.504316065
59.932324743,-101.515171155
49.796896129,-95.236090985
58.942842646,-101.04911162
56.102696257,-101.962121598
51.706892939,-101.027285984
58.238452273,-97.897174244
58.408963515,-97.709368625
53.956586407,-94.139630956
59.148661677,-100.874434624
50.555027638,-95.181309268
55.174599732,-96.941582885
49.728096602,-95.204387466
58.060630814,-97.304619417
58.845369648,-99.020314051
57.33967534,-95.5831765
54.967123801,-94.171144487
50.329716842,-100.015046078
50.350312456,-96.876730578
52.732223248,-99.344351263
53.340031729,-99.321337303
50.387218579,-99.849132724
55.081922574,-95.96102565
58.482509794,-100.650113877
57.903133421,-98.422415306
51.589685302,-101.380311649
50.386118753,-99.836632161
55.90990682,-97.409846334
57.587011765,-97.69939065
50.666717467,-99.639410195
56.087702161,-101.173463584
58.078865965,-100.318424966
55.259357201,-97.751899467
54.75852307,-95.201793118
59.281825028,-97.961359996
49.404418968,-99.36771984
50.207518111,-98.099614451
49.696718514,-99.106593926
51.556688993,-101.11259205
50.824692645,-101.27650499
52.938145255,-100.643337976
50.944726528,-95.385818812
54.95483604,-100.034596115
49.399218781,-99.38552087
57.802035722,-94.213787509
54.424098406,-96.629703469
58.250600216,-101.608834512
56.948038636,-101.698469125
56.691359966,-94.58355967
50.558596263,-101.210602001
54.588014759,-93.703668047
50.71312161,-95.320816057
59.275711559,-96.682328132
57.270248349,-101.327847675
51.728333096,-95.62364115
54.981245446,-101.818579066
50.435328664,-95.214411883
50.613612748,-100.170034979
55.1273314,-99.316744599
51.81360195,-100.844484164
52.208923897,-100.184155628
57.89892782,-96.469754929
53.627381417,-93.847919072
57.382138124,-99.346984964
58.679807677,-93.761781932
50.711421998,-95.247411065
54.667012446,-98.346997852
50.977219813,-98.686049256
50.3875191,-99.820231243
50.765317374,-95.689139746
58.800330789,-101.028838366
50.838304398,-100.52055185
56.767734448,-101.000633177
54.78483868,-101.814671949
56.579125692,-101.682368103
58.958190303,-96.370381517
49.950300433,-97.200647446
54.90483714,-100.474929201
52.589471129,-95.154088466
52.346753812,-95.363811906
55.116545498,-100.792937294
54.269108135,-93.653222242
53.213117869,-99.317647632
50.103600851,-95.446615224
51.576709607,-97.636492333
53.881547628,-95.59578495
53.879346717,-95.653589111
57.268081504,-98.755906763
52.203646106,-95.559732002
51.559228375,-96.028374705
52.39335807,-95.271902988
57.211685269,-98.747319473
50.836416093,-99.350490096
52.410659454,-95.246100619
57.451939433,-101.143444929
50.834996567,-100.955280817
51.046392447,-101.157792558
52.346725725,-100.318054875
57.149050616,-100.235345522
49.887498782,-97.156245215
53.53225887,-99.280417984
58.516711698,-101.000733478
51.607826728,-96.138683681
59.859622282,-101.623182308
59.429302023,-99.476053381
50.760805766,-100.46914888
58.433661413,-97.212130074
58.775077905,-96.168159072
51.406385778,-101.277300664
57.727463415,-101.224264185
53.85930019,-96.769939015
58.483169564,-97.593763727
54.939838612,-101.14016197
54.517611602,-100.038526431
50.426910749,-96.606711371
55.189039753,-98.173631706
54.802631102,-101.045466083
50.647804149,-100.583358841
57.729715181,-96.41207737
56.646327889,-101.270054137
51.559187915,-101.167595866
54.412655138,-96.980809505
55.302732141,-94.209206148
50.276418772,-98.069915014
50.610615652,-97.548983834
51.115310666,-99.933619173
58.607018138,-100.764035066
57.472402826,-99.874971076
53.976858826,-95.483271513
52.277530079,-96.340591963
54.588701031,-98.719834838
50.589713517,-100.12053309
56.929137515,-100.924827771
55.487986088,-97.471062108
54.641529663,-101.527174293
54.650730262,-101.495773108
56.777153503,-95.183403309
54.215804137,-94.276827632
58.560914695,-101.238857749
55.658809122,-97.082641158
51.41689407,-100.852280244
51.478112119,-97.915407852
55.927693903,-101.262878033
56.250222471,-97.250452877
50.75030473,-100.525852894
50.958916792,-99.032468502
57.310875645,-96.551819461
57.286069841,-98.858096054
57.025856481,-96.595437158
54.813742976,-97.749934893
52.528653539,-95.676630176
52.974486603,-95.072678516
53.610976913,-94.470750832
55.047128884,-95.197575258
53.653480598,-94.39464662
49.928598462,-95.192192551
51.301709264,-97.578487502
51.53331021,-97.300971454
50.297210221,-96.86452609
50.284709796,-96.86732568
50.26670905,-96.865924668
50.265308227,-96.828421226
50.217205405,-96.813117988
50.20420493,-96.827018621
57.250271915,-96.606525422
54.278013392,-93.358509877
54.028498018,-93.533708282
49.93079856,-95.179891639
50.653316491,-96.982056004
51.543111454,-97.942109727
51.667789808,-101.136994264
52.465029134,-100.332741541
53.820124861,-96.132730058
49.379219142,-99.61693147
52.744744762,-100.695249223
56.500834221,-96.958768583
58.619809895,-94.441540181
51.885021681,-99.73802326
49.58251111,-98.831070271
54.934040161,-100.498226702
49.167203249,-98.48688596
49.313308103,-98.751889458
56.270791269,-99.548078048
55.595945267,-98.794952959
59.974028137,-100.761710213
58.384263246,-97.850778696
59.467292617,-101.063704784
49.883294732,-95.500512719
51.212212472,-98.081015319
54.462973351,-96.89550408
51.569721304,-98.932161553
49.990618737,-98.265127138
50.850002227,-100.634159203
54.919336036,-100.22011037
50.443916318,-100.007536152
50.89999958,-100.767567472
51.651395782,-100.899483829
53.461455787,-99.857181246
54.804821024,-99.739296076
55.430531103,-95.953711367
59.456815513,-96.402899177
57.858624596,-96.272552547
52.656175362,-95.161885089
53.980995359,-93.553207278
49.036930035,-100.408961116
53.005673843,-96.216141503
54.712631384,-101.554975555
51.558284405,-101.433415044
58.228179616,-93.927013491
54.538015299,-93.643978132
59.64120902,-99.854103041
57.871354709,-100.650018366
55.378497604,-101.610749082
57.316674208,-96.327109339
57.524695584,-96.295402356
50.455017569,-99.890529776
54.78453093,-101.1229683
50.729400412,-100.764169458
54.789825895,-100.385439029
49.9819286,-99.396919169
59.741531593,-96.550122836
59.610400703,-101.850688715
56.84444157,-95.807516985
54.30090053,-100.65579047
58.54724247,-99.217501302
54.717633716,-101.847674062
59.880141678,-97.828681389
51.369436036,-95.15690535
55.250444329,-98.283834273
50.646895905,-101.15089723
56.589627036,-101.119241493
51.320788598,-101.118686669
51.779200442,-100.856484541
54.914538174,-101.23636518
58.460359402,-96.066432671
57.592453463,-101.213954137
52.462517902,-101.631706482
52.573921979,-99.503574422
55.628037286,-95.20255321
50.116398862,-95.728635226
53.664542791,-95.184877908
57.760270546,-99.441964568
58.9561383,-101.552556407
55.75051056,-97.101037975
59.167857886,-101.413378742
54.22051159,-93.005386252
59.53403505,-97.559439576
49.108935057,-101.328378916
50.622513432,-100.125232805
52.23831171,-96.981729074
53.877891555,-101.352534068
51.359188315,-101.129487806
53.612583238,-100.617729492
53.577280759,-100.664728465
55.556607987,-97.052648413
59.500119791,-98.886788662
56.925193776,-100.625028519
56.738250004,-100.305620102
52.386422922,-99.695214151
50.174997989,-95.967252282
50.324206713,-95.7924419
50.215800409,-95.929150311
50.141695739,-96.048857384
57.607515178,-98.65835509
54.050415192,-96.880830807
59.124310579,-97.129670131
52.059421264,-100.197552549
51.988120173,-100.153346056
51.669710451,-98.659043856
50.890622078,-98.317929899
52.043302157,-98.621552571
52.392809858,-101.528695961
54.427961953,-96.94160658
56.945477226,-99.598890533
57.141685211,-98.793432302
51.768600911,-100.837284551
58.160908893,-99.550902019
57.8611303,-98.281105593
49.163109192,-98.901405913
49.224416056,-99.398927708
56.743532744,-101.089840731
54.948822267,-95.647608334
56.464421058,-101.893475162
58.622066439,-96.633190374
50.402520848,-99.242498345
54.909836879,-101.115462919
59.069743361,-101.743087071
58.13395939,-94.036535861
59.977142458,-97.607741497
50.335309793,-96.784520168
50.112200256,-96.932524165
59.563721501,-96.414803766
56.895785102,-100.520025803
59.888731844,-99.323251785
56.813238112,-100.277325118
50.162204064,-95.418815201
59.916039473,-98.370039036
54.71483136,-101.364672138
59.360722835,-98.241398655
52.510022306,-101.485098896
55.01013432,-98.444777372
59.645127008,-96.016765401
49.042527906,-100.155559044
51.317790799,-101.017281933
50.740018029,-97.830998816
50.655022824,-95.192407769
57.129165668,-97.223309363
55.698838764,-95.20475121
58.548137835,-99.341712142
51.826091118,-101.257292776
59.550724532,-98.643960831
49.388613165,-99.041404984
53.771828686,-95.789706006
50.247524149,-98.579953065
56.841936693,-101.042536672
52.526450899,-95.789141622
53.500138515,-94.936069952
49.006926915,-99.877245061
49.733896909,-95.177385806
51.867819883,-96.51920962
51.597212693,-99.850234127
58.671437719,-100.002095072
50.962827933,-95.3399158
50.848623755,-95.281913352
50.931096128,-100.951679331
57.690315843,-97.201826724
57.007971257,-99.747295605
56.872634228,-99.950304996
57.773337752,-100.157460342
50.568921582,-95.399122677
59.371184479,-101.031689486
49.739994293,-95.398002738
49.739994293,-95.398002738
51.458336429,-95.150206011
56.799435516,-101.85597387
56.849137072,-101.896477107
56.031874758,-98.904752334
54.939540238,-100.43682214
58.263976419,-95.105517254
52.631773869,-95.15408594
57.207410943,-100.872336077
57.24415364,-99.119206911
57.492149654,-99.351177958
56.575192427,-100.563922098
58.028435951,-95.501692397
59.767925357,-99.329050647
56.888756583,-100.377329808
58.680321703,-101.237180166
59.249770022,-100.592727776
59.188725262,-97.569711103
59.424583147,-100.298014382
57.106064207,-97.319124458
58.519711827,-101.622185652
59.956029453,-101.904881189
57.744716361,-96.760696328
57.901424846,-96.991491787
57.740015579,-96.693693343
59.652927607,-96.877656694
54.502704835,-95.937933961
58.795067781,-98.984507823
59.250062282,-101.720918812
49.939398718,-95.177691839
59.171488335,-99.319007658
56.577409461,-100.843131041
58.532249588,-98.9999812
58.960953216,-100.129051317
55.999448053,-95.860701896
54.749924003,-94.948484509
52.396926631,-100.239445236
51.874424501,-96.31339434
56.882658306,-99.789194544
59.250361417,-101.882334589
58.198904789,-101.161497594
57.678041087,-100.802532297
51.324721601,-96.272793745
53.900783972,-93.97182466
53.582587487,-95.831134678
55.289855826,-100.809320275
59.513708822,-99.334943487
56.732432073,-101.130343894
58.353904095,-101.640754167
50.269716037,-97.964305926
57.674519209,-97.625766411
55.226331563,-94.352222598
59.408692579,-99.760771286
52.976787389,-95.039676263
53.048988394,-95.192385554
54.460220318,-93.077082165
55.595236988,-95.428670416
56.742433479,-101.009233809
53.083382424,-96.154933591
51.741726382,-96.113679778
54.247704873,-93.760126223
54.217711047,-93.234801173
53.405436718,-94.751859862
58.891734945,-101.475840125
59.860437928,-96.451213908
53.415378073,-95.96583958
53.68345075,-95.099675976
52.207246597,-95.52772909
59.25009536,-99.225108309
54.906028419,-93.686443471
58.722108796,-93.784482365
49.974397868,-95.33190321
51.287785497,-101.32560157
51.948123693,-99.528608163
51.838590666,-101.313394983
52.304702928,-101.501692973
58.987609758,-98.118848045
58.923191033,-96.541798851
50.02029806,-95.445512637
56.407703576,-100.608927341
59.707636095,-97.662752891
58.408607491,-101.487451772
55.914657799,-96.361862663
59.113510407,-98.409997101
55.098247684,-101.205153761
51.576714309,-99.750026077
52.062845438,-95.490824598
59.095387142,-99.183471282
54.613312728,-95.310110564
52.40945406,-95.434414879
54.659912722,-92.717805055
57.521999239,-97.115751537
49.956700284,-97.188746469
59.890138045,-97.383013754
58.73789461,-97.928812653
49.511112296,-98.930483949
53.955185171,-94.085729522
52.157241405,-95.777451695
51.376926956,-95.811154843
50.876121969,-95.587731636
51.013919215,-96.044767802
51.110318896,-96.303395467
51.516716436,-99.550509647
51.455809125,-97.565989339
53.85408643,-93.745713583
54.238509809,-93.521816552
49.749995218,-95.338298061
58.284203018,-101.536535043
54.022996054,-94.322136082
51.910327214,-96.277291688
51.861144828,-95.200503979
51.665336783,-95.356121029
59.837617315,-100.781700635
52.482859983,-95.347206331
51.94424367,-95.513626212
55.099850937,-101.87968063
56.806267266,-100.393123032
51.353911204,-98.000711927
51.332512249,-97.934908617
50.002799729,-95.172693391
52.95318634,-95.044676244
52.762518986,-97.003705427
52.501126982,-96.625600336
53.649074082,-94.791264503
49.528094528,-100.829006799
49.513894771,-100.85480682
58.140660701,-93.979530058
49.943595115,-95.597721732
52.853919682,-97.095003676
49.432478485,-96.275271912
55.622069825,-99.998940976
55.196250384,-100.646521425
55.627377417,-101.776337243
50.818121606,-98.803259591
49.013629547,-100.321660293
50.148598806,-95.823342096
54.659614959,-94.179575074
54.718520457,-93.050633585
56.835535849,-101.114842763
49.948899414,-97.115941612
51.630794461,-100.924183737
49.923598138,-95.222394467
54.681230819,-101.373872127
54.093402303,-101.383914948
58.720326493,-100.662144312
54.883433199,-100.844356924
56.921265347,-100.413929283
56.336921756,-97.464082801
54.05435783,-96.250508418
56.888037217,-101.156245289
58.165939604,-96.27343732
56.551064791,-93.553008069
58.631765792,-98.735568343
57.821124345,-97.760458836
52.488122277,-99.658300087
51.991946961,-95.215499798
49.003927478,-99.91224652
49.413104027,-98.558570192
50.54252156,-95.411923628
49.000331152,-100.361159576
51.770802896,-100.79308514
58.437812602,-99.890055128
51.487509443,-99.411097747
57.979229606,-96.825678701
58.505378015,-97.969699592
50.633923495,-95.187207893
49.75749461,-95.37830134
54.818525366,-95.116485257
54.749919831,-95.417103124
55.602140066,-93.29692852
58.801132785,-100.764064277
50.591398497,-100.959184564
55.517970888,-98.05270814
50.197505779,-95.468019575
55.487393389,-97.300159842
56.483042413,-95.90206253
55.504868567,-98.097411754
55.524127579,-96.565149125
51.746691651,-101.142791351
54.415166938,-96.895805774
54.815938214,-101.647671357
59.860442567,-95.645031337
59.952143344,-96.566025963
49.741093754,-95.436105648
58.956130563,-101.984792653
57.272771772,-96.464615897
54.725434617,-101.79217235
57.949233768,-98.794446371
58.500667192,-97.386847372
50.244409332,-100.715591789
57.149671226,-98.908923136
54.468303813,-95.840126937
52.504235883,-96.279984248
54.827116994,-95.806223163
51.236692362,-101.042284527
57.915263705,-100.75642549
51.239696821,-100.806672537
52.368924851,-100.182546674
57.456395967,-94.776658761
57.568599355,-96.1582049
50.166708728,-100.917611075
50.72191417,-99.93612193
55.829629303,-96.740745504
56.151347291,-92.655151002
56.537666897,-100.213110178
57.603603889,-96.255694862
53.629281789,-100.806624536
53.861590091,-94.409642571
52.16670891,-101.000274634
49.020328611,-100.206159199
50.289409646,-96.853724734
50.573321148,-95.414923746
51.293593347,-100.947279906
50.276920589,-99.826940049
55.077346487,-101.202155197
59.043202908,-97.019653507
50.33332098,-99.750831519
51.487193891,-100.88118146
56.900235633,-100.895026022
59.077060137,-100.187170996
51.865015765,-99.267190663
52.72644412,-101.547021214
56.403844976,-95.855965093
55.967092594,-101.735410778
54.080415284,-96.969432666
56.011269593,-99.332781002
55.094595189,-96.987189922
51.520788535,-101.126492346
58.451772029,-98.025498672
53.597927852,-95.380185185
56.693822263,-100.839524861
52.508626561,-100.168927932
56.391914487,-98.846163601
57.401098419,-97.600506163
49.891397641,-97.041436898
56.06834475,-92.586850256
56.460543292,-95.904764314
57.822780125,-101.458980402
59.229601306,-99.057580062
57.129176053,-94.946679212
54.217403604,-94.001023187
55.452736723,-93.144944558
55.642140569,-93.34522787
56.511951582,-92.523229768
56.399925815,-98.366347085
53.776988542,-101.07392089
55.138492751,-97.023584607
57.650861354,-101.337365057
54.645819312,-93.152048911
52.507222244,-99.577990962
57.596652056,-101.146751559
53.750388039,-101.003620247
57.718856732,-101.052551795
56.555236602,-96.867661329
54.000191574,-93.715714711
54.081895786,-94.182330699
54.396012918,-94.861521505
54.974129034,-94.96036599
56.384602089,-100.56142672
56.034660409,-96.380163371
56.096302364,-100.96235651
56.94854593,-97.636381301
58.882230989,-101.66975741
59.358490196,-99.68636059
54.37341424,-101.009379006
54.845915175,-98.960349715
54.695932033,-101.832674469
59.956038264,-99.135142427
52.349206166,-101.480892484
53.263422468,-94.787363829
55.922706104,-97.595162515
51.998647231,-95.18969798
52.411929157,-100.513654388
54.175908104,-97.228834126
54.589916995,-93.24395577
51.893103274,-100.854782994
58.949539728,-101.446446621
52.327824321,-100.20775246
55.613810746,-97.031044311
55.10383049,-93.167491559
59.829616991,-100.869808692
57.918129138,-98.888654316
57.710914817,-96.906507207
54.198803379,-94.19732657
59.476216395,-96.230081901
49.956098849,-95.202193941
55.112347032,-101.037447877
52.529464205,-95.276900131
56.150205709,-101.18346194
51.608284026,-101.560919605
54.736216059,-99.655094062
58.323902413,-100.537594794
56.711030483,-101.220351164
57.702513298,-96.36977981
56.466003671,-100.680027532
50.972220761,-98.460439574
59.800133518,-98.787599307
52.36864229,-95.916362765
53.791788704,-101.106622573
57.622462749,-101.422867393
55.075436457,-98.253853029
58.658706776,-94.369043265
55.095744348,-100.717135337
57.88672693,-96.383152158
49.104717983,-99.434432689
50.811892459,-101.31400801
51.502796904,-100.713372916
52.328103533,-101.53339505
50.884711471,-100.048323463
51.353289312,-101.074184252
54.079279141,-99.532919711
49.012827189,-99.912246727
59.472895029,-101.231717187
51.21420965,-99.149072615
50.936427538,-95.292713497
52.287524261,-100.272258599
54.824527311,-100.081011939
50.066426444,-99.780252678
51.607809306,-97.633191394
58.80064727,-99.566261531
51.495812055,-97.046452384
51.466712093,-97.050652638
49.974199269,-95.18359328
52.49972715,-101.266685137
54.806533601,-101.301370572
51.833598832,-100.935083606
54.888433287,-100.201513081
51.166415175,-98.536836463
51.500312788,-96.971447323
52.484246163,-95.887456801
49.208890783,-95.316294523
50.770821413,-95.403621412
50.888094817,-101.051687027
51.480286153,-101.271203166
51.541390072,-101.056988507
51.803100434,-100.874484214
54.067102243,-93.455406845
53.709287728,-100.326414796
53.749285166,-100.163294988
53.697286992,-100.380018809
53.863990657,-100.335805509
53.768164003,-99.304914075
49.211690683,-95.316595067
56.054147615,-95.696186251
50.197796989,-96.229471114
57.163346656,-101.396748394
55.957372724,-98.700540185
55.881262223,-99.476696095
56.700826327,-97.185235026
58.132492129,-99.775605047
53.897086555,-94.168532145
56.793730598,-100.219521378
52.450843943,-95.926362003
59.739310513,-100.781492168
54.766524035,-100.222928807
54.807018815,-99.670694159
59.305729335,-97.752438529
49.403313622,-99.051605387
55.589078812,-101.377905664
49.007229765,-100.305059809
57.358356008,-101.484561784
51.623584843,-101.488716482
51.813091238,-101.236192768
50.647207773,-100.406146722
59.059591028,-98.97874705
57.169472578,-97.291611093
54.979327856,-99.668484792
50.564223162,-98.113220355
55.267734659,-93.66528278
50.307509034,-96.789519617
53.039423639,-99.286843248
51.644212544,-100.016145295
59.000347973,-100.910208871
57.073540744,-101.093737495
58.439706717,-100.91601647
49.239207371,-98.744694995
59.392615401,-98.881477893
49.17812145,-100.096664303
50.548308058,-100.386145177
52.291424336,-100.232256446
54.823727919,-100.445440641
56.786917564,-100.794525225
49.001926987,-99.870544684
51.705793468,-101.000884703
52.104419501,-99.421400909
51.60749172,-101.012585975
49.805291864,-95.662424272
57.636716939,-98.680554005
54.926236029,-100.169606304
52.463118755,-101.390091085
53.49444917,-99.646060394
59.732137294,-97.830575343
56.474143335,-95.962068518
56.456643953,-95.93616764
56.788833448,-101.195649103
50.843892292,-101.286505339
59.959029887,-99.611076398
57.048359641,-96.737650233
52.216717999,-100.734172351
56.373817065,-101.192849304
58.694294009,-97.809901692
56.633836095,-95.810018984
57.728865622,-101.277367605
56.669640808,-96.367308266
56.418827133,-98.45115627
55.664438715,-92.932410169
57.403365019,-101.953174462
57.642507163,-96.461190257
57.345597662,-98.601398169
51.309393292,-100.936979794
58.294199448,-99.959552577
58.575015351,-101.314364541
59.215098348,-99.122586005
55.79489665,-98.079409319
49.508119121,-99.704740593
56.038043172,-92.463441751
58.649273201,-96.82930973
58.837825472,-101.884470432
55.431264907,-101.129623494
57.76446513,-101.20346341
58.567075276,-97.484060351
55.082344123,-100.88384512
51.685287029,-101.38841013
52.304424433,-100.291458085
51.448933975,-95.320818395
54.243419257,-97.241129175
49.87139717,-95.212991757
50.472517039,-99.936630821
54.994845575,-101.855181655
58.664791795,-97.839101798
51.246691784,-101.055885592
59.344819997,-97.067672739
49.651096588,-95.197686875
58.16813843,-96.928694069
49.804696877,-97.120943484
51.53918551,-101.355313012
55.264431519,-94.542026715
55.341032978,-94.100896795
56.81989983,-100.69672828
50.46501673,-97.395672796
53.487550159,-99.707466245
54.889535379,-100.501833698
50.482217264,-97.417874309
50.803618041,-95.691139724
51.466688813,-101.113390117
52.786126049,-100.114428219
58.204499377,-100.703483408
49.893296745,-95.298298724
49.916726611,-99.350812717
51.377528361,-95.566636562
49.914699535,-97.150944809
57.336388178,-97.250490899
55.668539305,-93.003815832
49.701717275,-99.000785341
52.48721977,-101.596704812
52.566433755,-100.466142968
51.176707957,-100.109733497
52.644270684,-95.309098296
53.391444686,-99.812982456
49.940799035,-97.089240188
56.515841077,-95.888456356
58.084232105,-97.082901157
51.829191286,-101.248092228
52.573131805,-101.293387974
49.01692872,-100.226659499
51.321890596,-101.016681711
49.958299193,-97.09143982
49.006727439,-99.908646438
56.230847222,-92.637343943
56.548839768,-95.812241405
53.780691605,-101.739449535
51.578890084,-101.068989364
54.075088544,-100.200775212
52.384408914,-101.501194412
52.462525816,-100.160033803
49.916423354,-98.839982772
57.706412666,-95.941168708
55.57773287,-92.594894652
57.821725858,-97.88517141
50.599416759,-99.834420692
49.868898644,-97.185047433
50.896916917,-99.015169281
50.184705224,-95.449717941
50.436908196,-100.443955405
51.272526986,-95.708344384
50.482816972,-97.656490642
54.842029474,-100.570746118
49.897198695,-97.118442644
52.594431559,-101.376993605
52.59943248,-101.350591951
50.584411188,-100.246938664
49.923596828,-97.001233559
55.658840017,-93.089923423
52.423929956,-100.544455077
52.191108948,-98.599050487
56.440243326,-95.852560815
56.645535364,-95.858619025
49.36558946,-95.190200724
49.363289415,-95.164399588
49.287189383,-95.365805711
58.702613731,-93.56926471
55.553335304,-94.899237062
54.022264785,-97.751985159
54.249505482,-97.604455502
54.232302941,-97.592456135
53.950052935,-97.880297996
51.056394279,-101.030282773
49.877798259,-97.112842343
49.874998246,-97.127343334
53.59198413,-101.693963194
56.809378523,-99.669993094
51.644188824,-101.170096932
55.918765993,-98.803046781
54.860429559,-100.054306551
54.795432388,-101.23246986
55.939863446,-99.300881551
59.416822597,-97.041271812
52.387825524,-100.194745048
58.726817633,-94.91937236
59.999327833,-99.8339028
57.238060236,-98.98420342
50.171101312,-95.63302999
56.178503867,-100.944849285
55.884362718,-98.984760683
57.72061595,-96.926806118
57.80111801,-95.658925789
57.86562533,-95.963635875
58.988945859,-101.229136673
50.158299795,-95.677232759
57.379978708,-98.825586512
54.84182792,-100.031506928
59.139601006,-96.500102396
50.461919099,-99.77362369
51.879723764,-99.618615391
59.518529504,-97.276603956
54.791525698,-100.202124753
50.188308284,-97.137341354
49.683294025,-96.929828923
49.671397685,-100.743705606
49.71078635,-96.170562424
50.865817059,-97.758991257
51.488909542,-98.131019688
49.698898027,-100.934815896
49.666897507,-100.750906145
49.639196962,-100.723704613
49.702199072,-100.725904543
49.62079604,-100.942614182
