44.2502852,-85.500333
42.732535,-84.5555347
42.49044,-83.01304
44.0077801,-86.7569756
42.36837,-83.3527097
43.6155825,-84.2472117
42.48059,-83.4754913
42.3222599,-83.1763145
42.331427,-83.0457538
42.2917069,-85.5872286
42.4644795,-83.3763219
43.0125274,-83.6874562
42.9633599,-85.6680863
42.277562797398,-83.7408828735352
42.3173,-85.17816
42.6389216,-83.2910468
43.4194699,-83.9508068
42.4733689,-83.2218731
42.5803122,-83.0302033
42.6055893,-83.1499304
42.342305278572816,-83.07174682617188
43.2341813,-86.2483921
42.9994718,-83.6163424
42.7875235,-86.1089301
42.245869,-84.4013462
42.7369792,-84.4838654
43.5944677,-83.8888648
42.9708634,-82.4249142
42.2011538,-85.5800022
42.680588,-83.1338214
42.4894801,-83.1446485
47.0499576,-86.502447
42.6261446,-83.0335384
42.69303,-83.41181
42.324204,-83.400211
46.1650522674029,-86.48099792987382
42.2505943,-83.1785361
42.1283728,-86.428356
43.5978075,-84.7675139
42.583645,-83.2454883
42.3086486,-83.4821579
42.3369816,-83.2732627
44.7344921,-83.121866
42.8694731,-85.6447492
41.8120319,-85.4354075
42.7844752,-83.2396612
42.4683698,-82.9554746
42.4853125,-83.3771553
42.3255929,-83.3310422
42.61858,-82.5323
42.6875323,-83.2341028
42.5467012,-83.2113192
41.7075394,-86.8950297
42.4972583,-82.9371409
42.2139284,-83.1938147
42.4969805,-82.8888054
42.240872,-83.2696509
41.9439368,-85.632493
44.7630567,-85.6206317
42.9133602,-85.7053085
42.2411499,-83.6129939
42.7787,-84.587357
42.28373,-83.72895
45.86444,-84.63552
42.4858692,-83.1052028
44.2750128,-86.2543622
42.7194778,-82.492132
42.9125306,-82.48686
43.9583123,-86.41084
45.1263059,-87.6391056
41.9164343,-83.3977101
42.5972563,-82.8779754
43.6198525,-84.7379209
43.1694603,-86.2381122
42.6811436,-82.7368616
41.8297694,-86.2541768
42.4594803,-83.1827051
43.973788,-84.4779842
46.2522116,-84.4700906
42.735863,-83.4188304
42.5869787,-82.9199212
41.932257,-85.7425311
45.7186911,-87.0941956
42.4092039,-83.0096426
42.2220532,-83.351469
42.4330924,-82.9240833
42.4055925,-83.096868
47.1682599,-88.4890092
46.4546698,-90.1710081
42.9072481,-85.7919784
41.9842131,-84.6619016
42.2347645,-85.5519474
43.1233614,-82.4957541
41.8692145,-84.0746665
46.0094439,-83.7392719
42.2444833,-83.1457569
42.4605917,-83.1346478
45.8152153,-88.1176758
43.331691,-83.7380194
46.5252132,-90.1348465
42.9097484,-85.7630885
43.321976,-84.6877826
42.3861485,-82.9118591
42.3928151,-83.0496438
42.9541963,-85.4889121
42.65549,-82.53445
42.2575385,-83.2110375
45.0780676,-83.5602583
42.2228172,-83.7454962
44.9883379,-85.1983944
42.1167065,-86.4541894
41.9464342,-86.338905
43.6980782,-85.4836558
42.9653055,-83.74329
42.722257,-84.4274744
44.4537747,-83.3739543
45.0158533,-84.6932756
42.9978049,-84.1766359
42.8247524,-83.2646624
42.7940174,-86.1625307
45.5715,-84.78618
42.3833698,-83.2965971
43.7262047,-85.510228
42.6583661,-83.1499322
42.2222614,-83.3965995
44.3597397,-84.6711355
42.9102154,-82.5259755
46.4780524,-84.3667214
45.9700524,-86.1739578
41.799217,-85.4191482
42.1394859,-83.1782587
43.5321105,-84.0877021
42.3072637,-85.2508277
42.2814269,-83.3863215
44.2752856,-85.4189411
42.2142064,-83.1499239
42.5689053,-83.383564
43.45861111111111,-83.44527777777778
42.608333,-82.8355
46.3536111111111,-87.3952777777778
42.2330918,-84.3271772
45.7013764,-85.838282
42.7430798,-86.1050396
46.5569444,-87.4013889
-86.1333333,-133.5
42.7308681,-84.4785873
42.2208699,-86.369469
42.2758715,-83.7360518
45.4956831,-86.7702833
42.6259298,-83.9809353
45.2046092,-83.4777463
46.2032651,-89.29448
43.9152446,-85.0359924
42.9336426,-85.3419609
46.31214,-85.45449
43.9552826,-86.4525831
44.0463927,-86.49703
41.8069907,-83.442433
42.1885705,-84.9666926
42.7775539,-86.1884889
45.86833,-84.62757
46.0630295,-84.8416156
41.873513,-86.4137487
42.1503177,-84.037723
42.6240256,-83.4705938
44.2444473,-86.324253
44.902229,-85.0608848
44.2402143,-86.3012701
46.2389767,-85.7834046
44.4108396,-85.3989439
42.0258779,-85.8155576
44.6495118,-84.7915978
43.3269685,-83.08022
46.5435442,-87.395417
46.6629521,-87.5735026
42.2722641,-84.9633148
47.2368698,-88.609287
46.3733857,-88.9560579
47.4409251,-87.9819356
42.2825383,-83.175203
42.0064378,-85.4499887
45.1077627,-87.6142737
42.9361394,-83.3366103
46.5194641,-88.0578464
42.7130889,-85.4619599
42.0853204,-83.6824384
42.5936428,-83.5993856
43.2814133,-83.5296774
44.2472434,-85.4817517
43.1793452,-86.2529088
43.4166772,-86.357013
43.1766935,-83.8927439
41.7194949,-84.2180026
43.1186374,-83.6949583
46.1447759,-86.5800019
46.3967312,-86.7015287
45.5128994,-84.5259448
46.4112,-86.64926
46.2000183,-84.1666928
46.3422475,-88.816557
43.638571,-85.9917426
46.1317979,-86.462582
43.2999612,-83.4623922
41.9443316,-86.2575913
43.0288342,-85.3796839
46.6763886,-85.6357007
43.2011264,-86.2389464
43.2368485,-86.2901993
42.1605944,-84.2460616
44.9355779,-85.9060804
42.6028137,-85.0930536
46.4991021,-87.6118029
41.7939302,-86.7439154
42.7294758,-82.8013107
43.4197429,-85.8000506
44.0953753,-86.4389886
41.9708795,-84.525783
43.0455825,-85.6005862
42.4311464,-83.4832692
43.1689044,-86.2639461
45.7869023,-87.9037364
44.0157008,-86.029081
41.8325487,-83.8624411
46.1663892,-86.632448
45.2166751,-85.0139419
41.935563,-85.0547886
43.4080849,-84.4749978
43.3594696,-83.8816364
41.9430986,-86.5569659
42.5294773,-83.7802214
46.4144654,-84.556994
41.8722716,-85.1946963
42.105874,-84.2482819
43.2122486,-82.9896604
46.0549743,-88.8395514
41.8272684,-86.3611249
44.0226622,-84.7959182
42.248372,-83.7110512
41.847272,-85.3185899
43.2366929,-83.9063571
45.4699317,-84.6670544
45.3961229,-84.6344811
42.8122508,-85.7228062
44.2519526,-85.4011619
44.2410712,-85.4268347
42.7891985,-85.5166864
47.2465922,-88.454006
43.0125274,-82.9279881
42.0592101,-83.3907658
43.49072796809766,-83.39884757995605
43.1769772,-84.8463945
43.6008515,-83.1746693
42.6082432,-83.3677787
43.2233604,-85.5514237
42.4850362,-83.0277002
41.9233827,-85.5283225
45.3180632,-85.2584004
45.3041739,-85.2720125
45.1610969,-85.1365633
45.6469563,-84.4744795
42.31807,-84.02181
44.7371978,-85.5796885
43.1847483,-84.1149747
46.328183,-84.5293645
41.8032662,-85.9994392
43.8194703,-84.7686281
43.8339644,-84.7458507
46.2251879,-89.3202875
42.1195537,-84.3234152
42.5333682,-83.1463166
42.0719867,-83.9716096
43.1775257,-83.7341274
46.8049784,-89.7481248
41.9403263,-85.0005215
41.8211923,-84.977589
43.7566946,-84.5858431
42.1861494,-86.308356
41.9583823,-85.3249817
42.0923167,-84.3004175
42.3394824,-83.0485319
43.0386368,-85.6700332
42.1778187,-84.6430206
41.8411603,-85.6686026
43.0639112,-85.9347667
46.3455676,-89.0022738
43.3545302,-85.3573231
43.2755809,-82.621038
44.6899466,-83.3897211
44.6591655,-86.1564824
41.9327783,-83.4370162
42.8408622,-85.663638
41.7868873,-85.3718418
42.7736455,-84.4885884
43.0347491,-83.5180063
42.842256,-84.5691487
46.1962657,-89.2690097
46.3010001,-84.7039718
42.33834,-83.88954
42.6455915,-84.6488707
44.6494578,-83.2930225
44.7405702,-84.6705833
42.7469789,-84.4010848
42.6458683,-85.2908404
42.0625424,-84.1374453
42.4625362,-83.1040913
44.8924032,-84.6927761
43.4147488,-84.2305398
44.4742732,-84.7227283
41.8877665,-84.5929285
41.9220899,-84.5853636
42.7789111,-86.2047652
42.7919727,-83.6277255
46.2642413,-89.6111891
42.6405913,-84.5152545
42.145877,-84.80886
45.9756653,-84.7181018
47.1218715,-88.5690118
44.3369774,-84.7216378
44.314739,-84.7647496
42.966138,-85.6458632
43.3955831,-85.467815
44.8045544,-83.563515
41.855048,-84.3538359
42.870859,-85.8650358
46.150047,-86.6063763
42.4805913,-83.1668713
43.7827926,-82.9857766
43.0247496,-83.0777153
41.9958341,-86.2118267
45.98897,-86.3322338
45.4125117,-84.6125364
44.6277792,-85.7628551
42.9872547,-85.0711174
42.9461438,-85.1341746
44.3120923,-83.4224301
46.0927322,-88.6423544
46.1715421,-86.5518389
43.6041962,-84.6944556
46.123197,-88.9918083
46.488547,-87.6676358
48.0109548,-88.8284225
47.99587,-88.90929
43.2916975,-84.6075004
43.6606195,-84.2620097
46.1939168,-86.4612671
42.1255949,-86.4716899
41.8403743,-86.2256389
42.9608594,-85.7036431
42.6080884,-83.3438248
43.2200235,-85.7511542
42.8846052,-85.5295833
47.28296,-88.21198
45.7949561,-88.0720706
44.5847251,-85.5358994
46.2326083,-89.16837
42.8903086,-84.3513631
42.7847564,-85.1383367
41.7658819,-83.6279921
43.0210561,-85.6294723
42.7592406,-84.4007027
42.6949179,-83.3050772
43.0514161,-83.3188341
41.7682639,-85.0377422
41.9853632,-85.3874675
42.3369851,-85.2155498
42.4514253,-84.4324695
44.8839001,-84.3055687
43.268082,-82.5307575
42.8144731,-83.7824527
42.0439345,-84.7574648
43.7454045,-86.1440942
42.6433584,-86.2005933
41.9842123,-86.1086228
46.2061787,-89.3754976
44.6862852,-85.7894647
41.9572676,-83.6596596
42.9119753,-83.984684
42.941139,-85.6100277
45.1580628,-85.1242254
44.2794611,-83.4902519
42.5092039,-84.655814
43.4080869,-85.0386317
41.7956038,-86.0808384
42.1330972,-83.1799255
42.3942032,-83.2713186
44.8611824,-85.3756828
44.8955578,-85.4164605
42.9905832,-82.7649266
45.7452466,-87.0645801
43.6153004,-83.8419193
43.9005752,-85.2580971
43.8957358,-85.2855803
42.5939168,-86.1017009
42.7978061,-83.7049498
42.8391182,-83.7166994
42.2683716,-83.742163
43.084462,-86.2203313
46.1916161,-89.3043077
42.9562044,-85.6199413
42.5744811,-84.811376
44.7652787,-85.0604306
42.0964314,-83.2918744
44.9837969,-83.8625236
43.0630834,-83.8510732
42.9594739,-85.4897456
45.78668,-84.73366
43.0017001,-84.739716
42.6605894,-84.0730142
44.6336096,-86.2345396
44.6258321,-86.2006496
42.5222567,-83.3060432
42.539202,-82.9493652
43.5250265,-84.1227598
43.4675173,-85.9420013
43.4449533,-85.993438
45.8748588,-84.7856077
43.1319623,-86.1547754
42.2886529,-85.418056
45.0275126,-84.6747523
42.0950426,-83.1896484
42.2639225,-84.3124071
45.8527436,-87.0218049
44.86873,-85.9764441
46.4955176,-89.795547
46.4588363,-89.5770983
42.287723,-85.2111216
42.916972,-83.5063365
42.9275277,-83.6299518
42.3364269,-83.0513097
43.0630734,-86.2283864
43.0536288,-86.2464422
45.294,-83.5028214
42.7533685,-84.7463757
42.0082457,-86.5443612
42.2508691,-84.2130083
42.0768539,-85.866589
44.6614039,-84.7147512
45.6875121,-84.4375329
43.1775314,-85.2527987
46.4222444,-87.5401769
42.1060486,-83.1610573
42.4436478,-82.9068603
42.4016965,-85.4123159
42.6020243,-85.5208698
46.2810556,-87.4409718
44.0639703,-86.3964674
47.1268714,-88.5809563
43.8447369,-82.6513186
45.4316759,-84.9919992
45.4255655,-84.913384
41.8975471,-84.0371659
42.243097,-84.7530304
46.4511,-86.54755
42.5291989,-85.8553031
41.9569915,-84.7677394
42.9722455,-85.9536535
43.3789199,-84.6597274
42.9205842,-83.0449348
45.5194553,-84.464755
45.0616794,-83.4327528
44.4841061,-86.2393968
42.8441964,-82.8843722
42.0886576,-85.2347052
43.6033583,-84.0697048
42.1759626,-85.551295
42.7772531,-83.2113268
46.4941346,-87.6742295
46.7785434,-88.4890193
42.8186445,-84.4485878
44.7284451,-84.9437007
45.6929383,-85.5628653
43.8822464,-84.4847316
43.0900266,-83.6944022
43.0978095,-85.228906
42.3383714,-82.9779731
47.3748867,-88.00819
42.2047619,-83.4852133
42.4433716,-85.0180464
42.5030909,-83.1835389
46.4813363,-90.0529504
46.6261869,-85.2719283
42.5239237,-83.2232631
46.2185963,-86.5081995
43.2508585,-83.7941309
45.4640625,-84.2712199
42.2942045,-83.3099303
42.6633079,-83.4171092
42.5428125,-83.1782624
42.4414273,-84.9241542
41.8387979,-85.4236005
45.4344561,-84.2314056
46.8710525,-89.3140302
46.77749,-89.30511
42.5877355,-83.3705211
42.8522506,-83.4430002
42.8986392,-83.431612
46.1678503,-86.6116233
42.4605904,-85.696406
44.9515096,-84.6933814
44.932791,-84.6889188
43.2180877,-83.4597353
43.0058618,-84.3716438
42.9928056,-84.138857
43.1239051,-86.2650559
46.0083032,-86.3693139
42.2078049,-86.2696089
42.6267006,-82.5976876
43.7457272,-86.1518267
44.0006742,-85.4189361
41.9011578,-83.7149383
45.3733428,-84.9553297
46.5642385,-86.3164724
43.8300151,-83.2699553
46.2429609,-89.2082318
42.457,-83.94791
42.41265,-84.01677
43.8536325,-83.964987
42.4400357,-85.6489035
42.471147,-83.1421482
42.3714253,-83.4702132
42.0117114,-83.1979826
42.675586,-83.4704963
44.3616208,-86.2293385
42.8692006,-84.9030517
42.629203,-84.738874
42.2469831,-83.6016048
42.5675324,-83.546606
44.2983513,-84.6519671
45.8063452,-87.988459
44.8344485,-85.282562
43.0303263,-82.6726093
43.1894651,-85.9369929
41.8394928,-84.7480134
42.9506463,-85.6027749
43.4505787,-83.6963533
44.6696349,-85.4638537
42.8091969,-82.7557554
44.3911283,-84.025274
42.2733718,-83.1343677
42.1742073,-83.1793697
46.3987579,-86.9597278
43.1200273,-85.5600316
42.0708765,-83.2465957
43.6416243,-85.9646524
42.802808,-83.0129874
43.7406449,-86.1161695
46.1507508,-86.7440252
42.931122,-82.6643677
44.3684339,-84.4587811
41.9144141,-85.5277422
43.4083637,-84.6066704
42.1667072,-83.7816075
42.929477,-85.2130665
42.703357,-86.1997623
46.4952997,-84.3453169
42.1142107,-85.6377776
43.9547284,-86.2800787
43.7322394,-83.4510724
46.260725,-86.0908934
43.6086194,-86.3639633
44.9485444,-85.9005849
43.5244747,-84.6947325
43.3575574,-84.0034701
43.678617,-86.5111909
42.3579986,-84.7576949
44.8108414,-85.3259824
42.5833359,-84.6491428
42.9386418,-84.4127554
44.8191996,-86.0635576
42.4030865,-86.2736407
42.46059,-83.6516063
42.0639323,-83.2610406
43.1608578,-85.7100393
44.902789,-84.3550147
42.2050383,-84.5527387
43.0769625,-86.1969971
43.9830762,-83.9588803
44.845578,-84.9484006
46.1812008,-86.7759324
41.9156008,-83.333542
42.0144871,-86.5194654
46.1604659,-86.7629586
45.8525126,-84.719772
46.6105007,-88.7003002
44.6083818,-83.7945986
42.9572508,-83.8305144
46.2110027,-89.2942014
46.60151,-85.19332
44.2694612,-83.5146973
46.5130752,-87.6283454
42.0039331,-83.9449417
41.7792144,-83.5688244
43.8610074,-84.8599271
41.9570407,-85.5903127
41.7986545,-86.6105778
45.1918512,-84.7642201
43.6910613,-83.9312146
41.7358827,-83.6532701
46.1611751,-86.5931979
47.0870244,-88.4431594
44.9674583,-85.3112611
47.1633526,-88.4228581
43.7208734,-85.4419646
43.3627922,-86.1647831
42.0667135,-85.1360882
42.8402478,-84.4791089
43.3719678,-83.5832917
46.1775128,-86.5478268
42.1200456,-85.532775
46.4752254,-89.9398909
41.7278281,-84.418837
43.0014133,-85.7680915
42.537811,-83.4810481
45.272882,-84.9951756
41.9153204,-86.5933558
41.8333762,-86.6222451
42.3614246,-84.1907895
42.1867052,-86.2605776
42.7392018,-84.620815
42.6739208,-85.6447438
42.6669787,-84.1741305
42.5796651,-84.9089805
44.2460026,-84.1874083
43.3837634,-86.3823884
41.7981056,-85.6433229
43.4100107,-86.3486792
45.73906,-84.90326
42.0520192,-84.491233
42.6889235,-84.2830245
42.2378167,-83.5302145
44.0289082,-84.8044679
42.5247555,-83.5363268
42.768364,-82.897149
42.1389303,-83.2415951
43.130026,-82.7982634
43.1102589,-82.790532
42.6128121,-85.4911253
45.66084,-84.9655
45.2319528,-85.0483884
42.8125246,-86.018651
41.8361111,-84.2416667
44.6847222,-85.6638889
44.51375,-84.75381
46.6,-88.1875
45.3588889,-85.1961111
45.7388889,-84.6763889
42.0294444,-84.1122222
42.082,-83.3066
42.4736,-83.0863
45.8713889,-84.7311111
45.3858333,-84.9347222
46.7611111,-88.5008333
42.0083333,-86.5388889
41.8013889,-84.9722222
42.9525,-85.4866667
42.9802778,-85.3275
42.8164013,-84.4492864
43.6241667,-84.2536111
43.6577778,-83.0186111
43.605,-83.8691667
42.9652778,-85.6716667
43.4600364,-84.006745
43.3444444,-86.3944444
45.1277778,-84.1833333
45.1833333,-85.5694444
45.65,-84.4083333
44.625,-86.2005555555556
42.2919928065954,-83.7159061431885
45.65361111111111,-84.51916666666666
45.4013889,-84.9083333
42.4791667,-83.7777778
42.4992625,-83.028928
42.661395,-83.034223
42.8125,-83.6638889
42.34203,-83.0143
42.31434,-83.23229
42.7343496,-84.5502179
42.7666667,-84.3944444
42.3951328,-82.9053962
42.4173361,-83.2575783
42.1061111,-83.3375
42.2355556,-83.1619444
46.5,-89.583333
43.1773699,-84.7373335
46.45253,-86.60725
42.09576481623581,-84.30400683475858
43.39815524521389,-86.32056822858385
42.167446605834655,-86.15625676981955
42.71722434844715,-85.24423069211777
43.46253494605424,-82.87094453510917
43.9165773740129,-83.47127816288211
43.73513866855547,-84.75052232198556
43.6033333,-84.7766667
-34.859249,138.689789
42.05,-84.5097222
46.227809,-89.5495843
44.0763519,-85.8124326
42.6029156,-83.9115271
44.102291,-84.4935236
43.6402091,-85.8295382
44.4070095,-84.0117063
42.4365133,-83.8622685
46.1447569,-86.4829999
44.6600149,-84.2358705
42.9535964,-85.3453258
46.501288,-86.382164
46.4838249,-87.8273014
46.36778,-85.50934
46.250727,-89.1452113
44.4311278,-84.0258299
44.0402885,-85.6825586
42.9819773,-84.9469455
46.071354,-86.5351508
45.87184,-84.76227
45.8491796,-84.6189339
45.7777,-84.72982
45.8644574,-84.625601
42.7008653,-82.9590938
42.6727948,-82.9101579
46.357541,-88.9438706
46.0206062,-86.6208911
44.23831,-86.28799
45.9577506,-86.2462523
44.8555539,-85.8559201
44.1546633,-85.9968691
43.1047548,-84.6919407
46.3763371,-89.6962682
44.1025148,-85.1469835
42.3853523,-84.1723144
43.0361347,-85.8278172
46.3933452,-88.6949432
42.5792027,-84.4435845
43.95625,-86.42258
46.7638275,-89.0862501
46.2611343,-89.6534988
42.2094839,-85.784453
42.0039337,-83.5154905
46.2711158,-89.7242881
43.2408659,-84.8800096
43.3369682,-83.3524502
44.0207389,-85.95056
44.0536638,-85.9876317
44.0809724,-86.1537315
42.5402925,-83.3135631
43.6407963,-85.3246203
43.6203054,-85.2264232
43.1864147,-82.8616
42.8964179,-82.7688135
43.9166214,-85.8637744
45.5251406,-87.5096949
41.966573,-83.923418
43.4097497,-84.3288783
43.6807757,-85.8744481
42.3041094,-86.1680411
44.4052816,-85.713401
42.9414173,-83.2891092
44.7302076,-83.8762158
46.5346579,-88.1101347
45.9118321,-86.4504406
42.9660505,-85.6024753
44.1589623,-85.9338299
43.6468564,-84.3881092
46.1685667,-86.5929045
43.6714056,-82.7782681
42.6108854,-86.064935
41.8156969,-85.4539084
44.6522362,-84.1297276
43.816977,-85.2823188
44.3372998,-85.0946651
46.3117961,-89.7506563
42.457249,-83.8741882
46.0757158,-86.511846
41.9213954,-83.4942579
41.7772715,-84.8041246
43.3109552,-85.1525161
45.0275463,-84.1272083
46.2776901,-89.783516
43.4908606,-85.4439283
42.8386425,-84.1783003
46.2573927,-89.5212789
46.1923075,-89.3221301
46.4871586,-87.4923727
42.9958661,-84.9425013
42.762257,-84.8963815
42.3905913,-84.2505159
46.1929001,-89.0363549
43.21919,-86.21246
45.6088566,-87.5529012
46.1738749,-86.441245
42.1625408,-83.4029885
43.5591757,-86.3456284
42.5040363,-83.6230714
43.1166949,-83.969967
41.8764326,-86.549743
43.5541672,-85.8009116
46.3549984,-85.5095586
42.2899029,-85.7478952
43.6996886,-85.3622105
46.7649345,-88.79458
44.7385052,-84.0477502
43.2561251,-86.26756
44.73605,-85.1222642
45.1313876,-85.6167509
42.1542059,-84.1916157
43.0797424,-86.0672715
46.2752958,-89.71826
46.3563071,-89.6698924
44.2897283,-85.6020043
44.2464038,-84.0164733
45.168065,-84.9161574
43.2993115,-85.5007702
41.9161123,-85.0590331
44.0487925,-85.9708366
45.9978166,-84.9235135
44.304449,-86.0189694
42.5711936,-83.7772749
41.9867114,-83.8310513
42.31893,-85.1424904
46.5349435,-89.1787536
44.5044471,-85.6770138
46.2665478,-89.7102335
43.4203028,-83.8985827
42.1067125,-85.0796988
42.8228091,-83.9444027
44.6447829,-83.8149925
44.2394965,-84.0839858
45.9982986,-86.6765352
42.4241712,-83.8709758
42.2465343,-85.0055913
44.7311369,-85.1275319
46.0802426,-86.5307066
43.5791944,-85.3017027
43.0539179,-85.4697477
45.586635,-87.5573448
45.6972339,-84.7500493
43.4586362,-83.9302513
43.4269667,-82.6713183
44.0301305,-86.0801438
43.9411253,-83.2713468
43.2347449,-85.7906006
46.06433,-88.63289
41.9154027,-85.9934589
41.9117134,-86.0100069
43.8515165,-85.9572474
44.847777,-85.7956401
42.0700423,-84.3305042
45.0700047,-85.2645105
42.2719866,-85.0613739
44.3273321,-83.6546125
45.26715,-85.24017
42.5636478,-84.8358211
47.0282616,-88.5251245
46.3477228,-86.9290375
45.6536231,-84.5183712
45.4729439,-84.492063
46.0603818,-88.5025366
46.3258561,-88.9340836
44.2205309,-85.9425662
44.8147189,-84.0769691
43.8762508,-86.2268756
43.9878745,-84.8478363
44.3223258,-86.012619
42.8422556,-85.2425097
41.863381,-84.2363347
43.3147467,-83.1791117
42.2383765,-85.3349948
42.9436511,-84.6015162
45.4063553,-84.5512996
42.6926017,-84.0050362
43.1566927,-83.4105053
42.882252,-82.6624207
45.416677,-84.8669925
45.9177507,-86.4762568
43.2934643,-85.6226661
44.4816689,-85.9225807
47.2835345,-88.3870573
47.4687939,-87.8884416
45.9013507,-87.2223591
46.1588483,-86.6115406
46.3234805,-89.3197413
42.9819728,-84.1177451
46.3347879,-88.6948749
46.5413295,-88.5370816
42.8369219,-83.7419729
44.6836061,-84.6103011
42.0792917,-86.1946988
46.3003332,-89.1229584
46.0980066,-88.3340242
46.1832829,-89.2695842
46.4545794,-86.2593253
46.2469819,-89.6442234
43.0567573,-83.8042082
46.2682901,-89.3766749
42.0030145,-85.2797557
42.555869,-84.3033013
46.2556318,-89.6065303
42.1558424,-84.3373039
45.9944643,-83.9027828
46.1767756,-86.4420263
42.1080979,-85.9744569
43.5266861,-82.7352105
41.888936,-83.7788283
43.5133532,-83.192446
46.2424058,-89.1441074
45.7916164,-86.8705993
42.4997581,-85.4080641
41.9311563,-83.3268753
46.2153138,-89.2421877
46.0093463,-87.8702074
44.3100052,-85.6978418
44.0191862,-84.7994675
43.430428,-83.8611741
42.5894788,-82.5885189
43.6983408,-86.3639652
43.397766,-86.1523971
46.4946573,-87.3543071
42.6645458,-85.3466562
42.7989806,-82.5373032
46.0213511,-86.8568108
42.9825299,-82.4332482
42.7826893,-83.1989632
43.0864149,-84.1952514
44.7406567,-85.8608477
43.8486301,-85.4444913
43.5689029,-86.0395071
42.4414265,-85.3755605
44.4836267,-84.7797529
44.4258504,-84.6689143
42.6380864,-83.6171651
45.0591766,-83.9011064
41.9200472,-84.6305101
46.2402129,-89.2325891
47.4782392,-87.9526064
43.8022444,-85.2752991
42.0787502,-83.9855638
46.2721709,-89.7223785
44.6638886,-86.0181451
46.9915469,-88.6520565
44.3275165,-84.7744724
43.1808678,-84.1313097
42.6072552,-83.9293952
46.1630338,-86.5364931
44.7597341,-83.5444207
43.0922552,-84.8422239
47.1732594,-88.429285
42.8164114,-83.4231584
43.9100684,-82.8555082
43.8869571,-85.8025598
43.8893496,-85.7825825
42.4489911,-83.6788756
46.209664,-89.3862319
45.376919,-87.6112261
42.5970987,-84.3735374
42.945094,-85.0746018
42.9390364,-85.065446
46.5068094,-86.2551981
44.30125,-83.51395
46.2086925,-88.5305269
45.8202334,-88.0659603
43.6405967,-84.8468022
48.0004398,-88.8334115
46.1085319,-86.2771059
46.1163612,-86.521365
46.327277,-89.7104513
42.2484867,-84.4234375
43.5475568,-83.8925945
41.7933831,-84.0405002
46.3199551,-89.2596637
43.1516937,-82.5832572
46.2404683,-89.2021229
44.3955705,-84.0286702
46.3971064,-88.7327372
46.310099,-89.9088407
46.2949723,-89.2698943
43.9633816,-86.1018396
42.2454537,-85.5311841
44.3733369,-86.0103599
44.7341729,-85.1758873
44.6846612,-85.090229
46.2396087,-89.3120292
46.47424,-87.23551
47.274924,-88.4162254
43.4960933,-85.8501376
46.0341109,-88.2946293
43.0321558,-85.549296
46.2435186,-89.2757207
43.7561273,-83.356902
46.2175531,-86.6106831
43.9394588,-82.9968902
46.2753349,-89.6661275
41.7931061,-85.5260964
42.137759,-84.9981599
44.635646,-84.5763717
46.6542645,-88.3915979
44.7238891,-85.8431394
43.9900061,-85.801703
42.8461392,-83.7077293
43.9633534,-84.9469729
44.9808323,-85.7150847
47.1940924,-88.4073392
41.8492087,-86.6678023
43.3711237,-86.2603419
46.2751073,-89.4798369
43.0901473,-83.2217839
42.1765647,-83.5450828
42.4964242,-83.2227067
47.2374255,-88.4431725
44.934227,-85.6716143
42.1672629,-85.8469539
43.057249,-83.6544002
43.7449721,-85.8979831
42.0222779,-85.253249
41.7783216,-85.3735265
45.1517711,-86.0384952
41.9806765,-85.3897119
41.8950824,-84.0663648
42.984448,-83.930024
42.8653073,-83.1427148
45.6358445,-84.786994
43.9103286,-85.8205889
43.7924498,-85.8239151
44.6847352,-83.4121935
43.7391889,-83.9622052
44.1441247,-86.0049068
43.164388,-85.3319885
46.0182052,-85.0079205
43.4694651,-85.777829
41.9103494,-85.1256967
41.992343,-86.1209481
42.5225362,-85.2530589
42.6442108,-83.6081142
42.6841978,-83.3771613
42.9461395,-83.1238265
44.4357804,-83.356562
46.2312119,-89.4635786
41.8722508,-85.1485666
44.7693282,-83.9682476
46.1558046,-89.1389289
42.5476933,-83.8460916
42.1661559,-85.2174862
45.1072257,-85.3500727
42.3030961,-85.5502836
42.59607,-84.8383147
41.9850452,-86.2997387
44.5382341,-84.1638565
43.7994702,-84.3816688
42.7467016,-84.5935918
43.8717859,-86.2378518
46.3459871,-87.7870317
44.6194431,-86.2264835
45.0681778,-83.3474413
44.3056222,-86.0118874
43.8194594,-83.1807847
45.165562,-85.2461768
43.0886393,-84.3869261
46.2401179,-89.4804049
44.9389233,-84.6054131
45.5875427,-84.9814697
44.7901437,-86.0011245
46.2748051,-88.9965427
43.321105,-85.5828969
44.8111081,-86.0600933
42.8126868,-83.2397924
45.1125896,-83.9821813
42.0869852,-86.4558551
43.5236323,-83.5432925
44.725012,-84.0511127
46.1993221,-86.4996695
46.2473981,-87.4838259
43.8350247,-84.8669666
47.8550209,-89.1707416
44.2152811,-86.2873072
46.2164585,-89.4149962
46.2332151,-89.1508973
43.6619638,-82.6093708
46.4542171,-87.636737
43.2533586,-83.3718948
44.0466729,-86.1786886
41.8860355,-84.595717
42.7661449,-85.3133439
46.1833925,-85.0161883
46.0582885,-88.6059654
43.6572396,-83.2449503
42.8725303,-83.9141254
41.7981008,-86.4991853
45.9026203,-84.751057
45.7747004,-86.5506953
42.3180967,-85.0569312
44.7755477,-85.9355519
46.4003675,-88.7521204
44.9767821,-84.3030002
46.4886087,-86.305881
46.0669508,-87.8590874
43.0217229,-83.706711
46.4500198,-84.1333601
43.9808549,-84.4864007
43.9906686,-84.3882499
44.8974955,-85.9853698
42.3497525,-84.7540454
46.6708126,-85.9851654
46.6204819,-85.9220558
43.3361324,-85.8108819
43.2927331,-84.6049116
43.8281498,-85.015852
46.2223385,-89.4498877
45.6341371,-85.5854777
43.1438867,-85.2586088
44.7830565,-85.6386885
42.1292084,-83.1443683
42.3758708,-82.9374159
42.4367034,-82.8768586
44.4113897,-84.0200404
46.1688155,-89.1574792
42.9822241,-83.4982787
42.7735505,-84.7323799
44.7719461,-85.5014607
41.9864341,-84.3471684
47.2988116,-88.3965014
44.0470583,-85.7168222
43.5680759,-83.5141259
42.0238567,-83.9400843
45.4441778,-84.7867115
44.97473,-84.9686585
46.2616396,-89.263892
44.71161,-83.34366
44.8811151,-85.2756185
44.0582462,-85.9784381
42.51766,-85.91034
42.919473,-82.945487
45.0635,-83.46039
46.0438421,-88.3770789
42.8566988,-85.3802937
46.2321,-88.45076
46.7015766,-85.0390112
45.0073748,-85.1757943
43.3553017,-82.6371499
46.3238038,-88.9718683
44.4930555,-86.2317586
44.0428873,-83.7472502
42.7914188,-83.846343
44.7901849,-85.9130944
46.1443784,-86.299187
43.186696,-84.4744347
44.9969152,-84.1283514
43.730715,-85.9142735
43.0303053,-83.1660514
42.2327558,-85.6572389
44.0486295,-83.6958161
44.4108489,-83.3321899
46.4302185,-86.8368197
42.3364294,-85.3522219
41.7372719,-84.6941206
42.018933,-83.665771
43.8019592,-83.0007774
43.9011229,-85.8517287
46.2171465,-86.6520694
44.4650241,-84.5410176
46.0685004,-86.4866701
42.8786421,-84.0638525
42.3125356,-86.1130794
41.8884272,-84.6904731
43.2029354,-85.3336265
42.1233034,-85.7905987
46.3287549,-89.6127114
46.6997567,-88.352152
44.8312056,-84.6028768
41.957544,-86.4855749
43.7525253,-85.1469787
42.5950275,-85.3089682
44.6841793,-83.6055341
46.3049788,-89.1748091
46.2856113,-88.0254689
44.0097919,-86.1367981
43.8926547,-85.9697762
43.0896379,-85.7174166
43.7213656,-83.9418351
43.8494599,-83.3732942
45.3583419,-85.0972811
44.420835,-86.148143
42.7969675,-86.1258752
44.9802822,-85.2111728
42.3400381,-82.9804733
44.8212526,-84.2509017
44.7193895,-85.8126419
42.1311507,-86.4072446
44.6213885,-86.0992576
44.61687,-86.13899
43.7297332,-85.4042159
46.2462198,-89.5119129
41.91863,-86.42807
41.9567124,-86.2766818
44.6272274,-86.2301628
41.8550159,-83.8676534
46.1805514,-89.2837468
46.8157568,-87.7284636
44.0577814,-86.5142526
46.0149133,-86.6255535
46.2384865,-87.4791808
42.515868,-83.2732643
46.1557844,-89.1554147
43.6306967,-85.6078305
43.7469591,-85.8617261
42.0856219,-85.5813895
44.0803548,-85.2598197
42.660406,-83.3857994
43.1397481,-84.1680305
43.68178,-86.31683
45.4236218,-84.8281019
44.3349445,-84.1264138
42.0417182,-85.251699
42.0468247,-85.0285845
45.0555552,-85.5889721
44.0475198,-83.8544333
44.363613,-86.2050874
42.4442037,-84.5621963
42.0061554,-84.1899443
42.5830887,-83.3593798
43.9898703,-85.325285
44.4202933,-83.330801
44.6817482,-84.1297359
44.9022343,-83.4424737
43.1661367,-83.5243976
45.021439,-84.5989771
43.00264,-86.1795
46.0841514,-88.7630636
43.2133586,-83.4543963
43.3965325,-86.2769517
43.7291829,-83.2680085
46.3196982,-89.2810481
42.8192592,-83.2442338
47.0432617,-88.6723492
46.4407709,-87.593192
46.6275215,-85.0375869
42.3280952,-85.5697296
42.0158813,-85.5477706
42.2583711,-84.5996885
46.2541131,-89.3074058
46.3616088,-88.9583943
42.2122597,-86.2719674
43.2586357,-82.8174329
45.5528,-84.7854
44.6505566,-83.7884545
46.0407883,-88.5093003
43.7816728,-86.4331355
45.9777389,-87.0718066
43.18281,-84.679166
42.8264205,-84.2194127
43.0011442,-84.8469423
46.2720818,-89.6986715
42.3800359,-84.3491296
43.8587404,-86.2447345
44.795382,-85.8885097
44.0461253,-82.994114
43.9408446,-82.7127124
43.4308578,-82.5424244
47.0663125,-88.4967478
45.6899654,-87.5259595
46.2424801,-89.1193872
41.8590431,-85.4023373
44.1919638,-83.9308246
42.4836419,-86.0914189
43.9164018,-85.8409422
44.0763416,-85.9611738
41.9442145,-84.8838525
45.9269087,-86.9670846
41.7613513,-85.1087143
43.8750174,-85.5100498
44.047071,-85.3343037
46.0256375,-86.617066
46.4066056,-87.9756902
46.2550348,-89.6646733
44.8222592,-84.0736722
42.3761504,-85.4550054
46.1620793,-86.5407403
45.3979915,-84.5565592
46.0688447,-87.1659736
45.4214024,-83.8183304
42.7969708,-82.9767889
43.9633816,-86.1018396
46.3701105,-88.880162
43.1964038,-86.2722805
44.4983504,-84.5919682
44.3356056,-84.6115962
44.4214062,-84.1166674
43.6991954,-84.7677927
43.5072317,-86.3475717
41.793112,-85.2767776
44.7933958,-84.2228192
42.61405,-82.5249
43.3350287,-84.053187
43.2969699,-84.1405346
45.86614,-84.72751
43.001143,-84.5591521
46.3884931,-88.7282309
43.2919718,-85.5178135
43.4202989,-82.8296572
43.6728053,-84.3805544
43.4433116,-82.6457539
42.5792013,-82.5640732
42.7193836,-83.446802
45.988187,-84.7521109
42.6550248,-86.2019826
46.1906852,-86.8301749
43.7640973,-85.9001977
45.8767916,-86.935161
43.5440144,-86.3542244
46.0424857,-86.1773001
42.3222587,-86.0000223
42.1958775,-85.4130517
46.6703273,-88.0846989
46.3455352,-85.9454174
41.8426905,-86.4616925
44.7422898,-83.9328629
42.2044817,-84.3957887
44.7141247,-85.8652452
42.6708659,-83.0329844
44.6509126,-84.6834975
42.9537346,-84.1467332
43.4153039,-84.0563663
44.7803128,-85.8222954
46.5046647,-88.7084719
46.2190379,-89.370243
43.7935221,-85.8321923
44.183353,-84.0352725
43.088121,-83.3936816
45.1116054,-86.0152189
43.4611312,-82.9707732
46.2501024,-89.584513
44.8398214,-84.3195161
44.6413944,-85.2797789
42.387539,-85.3966703
44.5375161,-84.1722281
46.1753048,-85.7678628
41.8958789,-83.4177105
45.6957987,-87.5109599
43.1285634,-85.6793507
44.9036223,-84.3541813
46.3583205,-88.9483209
42.378372,-84.6985883
42.3264298,-85.2391614
46.0810657,-88.6270766
43.2925317,-85.0814074
43.5786367,-85.4492081
45.4152511,-87.6076164
44.0333538,-84.0227717
46.1926282,-89.0513948
41.9414339,-83.2649296
42.2338476,-84.9396032
44.0805027,-85.958239
44.9766663,-85.6506387
43.9689274,-84.497284
44.0716032,-85.8172066
42.6114217,-83.3285467
41.9060977,-85.4536501
44.7205274,-85.8755041
44.8365065,-84.2893582
46.1346753,-89.0084672
44.9052342,-84.7578797
44.207504,-84.3493657
41.8505617,-85.9167151
44.5202794,-85.9439718
46.4203103,-88.7936923
42.4484201,-83.8932423
46.9990964,-88.7701302
42.8093725,-83.6113484
43.6396521,-86.0357596
44.6834716,-83.4359598
46.183295,-85.0408367
46.5565992,-87.4373604
42.6508035,-83.4666717
44.1425191,-83.7877644
43.4913425,-83.4398686
43.9652471,-85.8474705
44.1025116,-85.458941
45.7487796,-84.4527626
44.1130749,-83.8074873
43.4732529,-85.7665924
46.286828,-89.8202773
42.6147541,-83.4468828
41.8280974,-86.6925251
43.6536297,-83.4660708
44.1526795,-85.960412
46.507146,-86.3792423
43.4705758,-85.7443911
46.0562576,-86.5676918
41.9169911,-85.9147253
45.1427903,-84.6603091
42.193371,-84.3910659
42.6289247,-85.0241621
43.6436395,-84.9972471
42.8278123,-84.7008204
43.7144551,-86.1245131
43.7341567,-85.9007676
45.2661206,-84.9336597
42.0734902,-84.1566913
42.7244759,-83.0360419
42.2532262,-83.8387711
43.9231821,-86.0976865
46.2677264,-89.1779179
42.284776,-83.261125
43.6875278,-84.9689133
45.7220593,-85.5203065
43.1298157,-85.5051136
44.2169505,-85.9578528
42.7584069,-82.55362
44.2764083,-84.2386132
42.540437,-83.8572272
46.4835473,-87.7009688
44.3544334,-83.8779595
41.9139344,-83.4315997
42.7845423,-83.6937952
42.302817,-85.6336192
44.338355,-85.5784198
43.5502974,-85.7719971
43.557028,-85.7724259
42.6916964,-83.5541098
46.7538361,-89.5840433
42.4397,-83.7453
44.2336299,-83.8030424
42.739586,-84.3993866
41.7848507,-85.3783803
45.7052439,-87.4381839
46.180506,-89.1793047
43.3842775,-85.3690712
43.6822191,-85.8947307
46.2981683,-89.2873732
43.254739,-86.1097779
45.2733463,-84.604476
42.5566996,-83.4738263
42.7267014,-85.1336129
41.9400451,-83.3132639
43.7083486,-85.8625588
44.9043832,-84.3456293
44.8408746,-85.430004
43.177121,-85.3379643
43.4764138,-83.9205291
41.8975,-85.8611111
45.3416667,-83.5680556
41.9313889,-84.6261111
44.9028532,-84.3529786
43.5472222,-87.7677778
42.3641756,-85.266505
41.975647,-84.286162
41.8816883,-86.614087
43.1795604,-83.312295
42.321825,-85.517591
42.325164,-83.051426
45.6873218,-84.7512434
42.3322222,-83.0272222
42.9550847,-82.7766837
46.7859127,-88.5774212
43.5166377,-86.3704023
42.2893321,-85.587115
42.738798,-84.553919
46.209949,-89.4440345
43.8269444,-84.7494444
41.8977778,-84.0588889
44.5202778,-85.9894444
44.6244444,-86.2308333
44.6705556,-84.7011111
44.1138889,-86.4222222
45.2719444,-84.6019444
45.7783333,-84.7258333
45.7783333,-84.7258333
45.7861111,-84.7347222
45.8705556,-84.8055556
46.0975,-85.3972222
47.1188889,-88.5469444
41.8636111,-83.405
41.8636111,-83.405
41.9405556,-85.0002778
43.4027778,-84.0305556
43.3258333,-83.7408333
43.3894444,-84.6666667
42.6560556,-86.2031722
42.7976994,-84.7150611
43.5802778,-84.7691667
42.99837,-84.1049122
42.7877778,-86.1083333
42.7902778,-86.1163889
43.0058789,-83.7022912
42.786299197482144,-83.62651348114014
42.79398552755842,-83.70150536298752
42.2926951,-85.583716
42.2926951,-85.583716
42.2838812,-85.6128019
42.3219693,-85.183053
42.251395,-84.211868
42.4469898,-83.1247687
42.3444959,-83.02329
42.750301,-84.481184
42.746816,-84.483922
42.746816,-84.483922
42.72726,-84.49442
42.72726,-84.49442
42.73199,-84.48233
42.735072,-84.552196
42.743994,-84.552211
42.74451,-84.55237
42.7440457,-84.5208532
42.727103,-84.554053
42.742417,-84.552272
42.689087,-84.538075
42.748724,-84.562114
42.73489,-84.55704
42.731142,-84.555507
42.7337507,-84.5532542
42.74357,-84.51629
42.73447,-84.59653
42.2463738,-83.6223506
42.28154,-83.74814
42.246956,-83.610458
42.28712,-83.74143
42.29735,-83.69333
42.28116,-83.73736
42.241279,-83.606327
42.2768205,-83.7378895
42.217846,-83.150372
42.44055,-83.11896
42.33055,-83.04466
42.45715,-84.01306
43.4458989,-85.0516956
44.9113331,-83.3294298
42.25724,-85.6422
42.8190002,-83.6892123
43.6422281,-86.5400792
42.7415367,-83.6309398
46.0829942,-88.9285384
43.9120295,-85.8373211
45.6060948,-86.6940186
45.1912471,-85.3174813
46.243625,-89.2338097
44.2298724,-84.4804964
42.5115656,-85.8862455
41.9399168,-85.5819682
42.8122845,-85.3173764
46.1980767,-89.25013
42.0319093,-84.4010568
44.3482686,-83.8685085
43.9153947,-85.0051006
41.8628737,-84.7936618
41.7467163,-84.8052351
44.4197386,-83.8719338
44.9530181,-84.6304959
46.5056923,-86.3189945
41.9158827,-85.3413703
41.9570061,-85.7515366
41.7881638,-85.2821852
44.7094829,-86.1302863
41.8442796,-84.7986299
46.7343056,-88.3609935
44.7769566,-83.4244164
45.749038,-87.8092682
42.8219731,-83.4327215
44.5647215,-86.2148152
42.3394982,-86.0226208
44.1534894,-85.9681437
43.4244758,-84.8366803
44.9718689,-84.3123899
43.8899688,-85.2509283
44.6750148,-84.2722361
45.1906029,-85.2366304
43.1125189,-82.9335048
42.3077325,-85.5115238
44.5776273,-84.0707428
45.8150123,-84.7283832
42.7385199,-82.8863167
42.0674362,-86.1662596
41.8300494,-84.4012212
43.8633905,-85.1588795
42.1922624,-83.1360344
47.4249094,-88.0156623
42.7960689,-83.2573511
47.4165705,-87.6167823
42.9966964,-82.4324153
44.9597986,-84.7393783
44.141964,-83.9274911
44.9392466,-85.333177
41.9084902,-84.9038316
45.4327743,-84.6017038
42.6775337,-82.5215759
42.7105889,-82.5301887
45.222396,-83.9552414
41.7723366,-85.6148232
45.9602939,-84.3936441
46.0435937,-87.6639789
46.1896899,-89.2497284
41.7196987,-84.7847866
46.7483607,-85.0520017
43.5001796,-86.0243457
44.7159076,-85.8674156
42.9100307,-82.469359
42.9084521,-82.4805437
42.8111151,-83.6182308
44.1936227,-85.2133756
43.3541982,-85.0427968
46.1882395,-86.6538919
44.958341,-84.2482566
44.0151092,-85.4222705
46.2428048,-89.4703562
48.0887502,-88.7320416
46.0653611,-85.6506845
42.8651103,-85.3939063
46.5627186,-86.0511515
46.2148346,-86.5908608
46.801432,-87.7249792
46.7416442,-85.0659238
44.9159815,-84.3405152
46.289255,-86.6304091
44.0335986,-84.7903772
41.822787,-84.8086041
43.6010776,-85.2953527
43.376121,-86.4264579
42.0277621,-85.469589
42.6135716,-83.4225386
41.9996275,-84.4102784
41.9394929,-85.0388567
42.3482193,-83.4570157
41.7642071,-86.8133616
41.7612356,-85.0648979
42.7275056,-83.4248529
44.1511027,-85.9640413
41.9264723,-84.6990195
42.9858612,-84.1449682
41.988254,-85.7811731
41.9132572,-84.6242973
41.7798162,-85.3346139
41.8481041,-85.7552725
45.998377,-85.9194507
46.3353356,-89.6965623
45.612659,-85.5922152
45.3344563,-84.0608395
42.0775422,-84.4221727
46.2530419,-89.4818026
46.304121,-86.6714192
46.3429921,-88.9370064
46.4960385,-88.3731519
41.9756675,-85.6776202
43.6875665,-85.1370206
43.1741824,-86.2453347
41.8336387,-84.4148854
42.0402242,-84.411638
43.686673,-85.8116664
45.2295578,-84.0039631
46.1142546,-88.9519557
42.4161601,-86.0161838
42.5654508,-83.3765458
42.0289015,-84.5351593
46.3075854,-86.6779205
41.7827092,-85.7188289
45.0600857,-85.5832699
46.2313972,-89.2597996
46.3121103,-86.7067235
44.7181405,-86.1301703
42.0595551,-85.2965825
42.3222677,-85.0631654
41.8128091,-84.5147091
41.8327548,-84.3924201
41.856328,-84.7940358
46.9350699,-88.5924544
42.850275,-83.603242
42.6143561,-82.6392039
41.9350814,-85.7266976
41.9592428,-85.7238713
41.9868287,-85.2962929
45.1250114,-84.8042053
42.5086652,-83.4813536
46.4098928,-88.7984146
41.9721474,-85.9325625
46.2185469,-89.3865483
44.5014052,-84.1308363
45.5619556,-84.5255923
42.7885564,-83.8594327
46.6698619,-85.6331827
43.0265724,-82.9290792
43.0664165,-83.8330173
46.242652,-89.5730815
46.4558148,-84.9946873
45.726357,-87.2426334
46.5379517,-85.9711769
46.2833515,-84.1583609
43.8220453,-85.2317737
44.5200018,-85.8781352
43.3458603,-85.5167042
46.416687,-84.2416996
45.0657777,-84.4809761
41.93767,-85.5905075
45.6927364,-84.7221367
42.5830248,-83.4920352
43.8633651,-85.8316551
46.2873172,-85.7371132
45.1083191,-86.0209243
43.8610904,-85.8438402
41.9415,-84.7055456
45.1358328,-85.5598064
46.2873372,-89.2850248
45.2166702,-85.3814658
46.1109354,-89.0174234
42.0042155,-85.3944304
43.926704,-85.9278981
41.8567232,-84.4987587
41.8436374,-84.4896171
41.8269664,-84.4639611
41.8265167,-84.470739
45.0077517,-84.6272865
43.0639157,-83.6885682
41.7911615,-85.4199813
43.800021,-85.4064335
42.0381124,-84.417666
43.3104404,-85.896454
41.9718833,-84.4220818
42.5726475,-83.348252
42.3828129,-85.9569675
42.6225338,-82.6632453
46.196916,-86.5783619
42.493088,-85.9430828
46.1644865,-84.9355354
46.2125711,-84.9273643
45.766232,-84.5014853
45.7666795,-84.4361448
42.3550086,-84.7594659
43.5006914,-85.8449037
46.3215014,-88.6728583
41.8845907,-84.6033079
41.9356314,-85.7039443
46.1100356,-86.2903435
46.5092262,-87.8246919
44.8977511,-84.3624633
41.9542145,-85.6338822
42.7300318,-82.7021402
45.468621,-84.9222742
45.1586201,-84.9389365
45.1641648,-84.9236451
43.8482317,-85.0202296
43.5775572,-86.2768175
42.0658535,-84.4574857
42.3464239,-86.0730801
42.6409494,-83.508436
44.729479,-84.6848219
42.9744768,-85.1194525
43.1147688,-82.8167115
43.2050141,-86.3203376
41.8713995,-84.6932642
45.9225916,-87.7860989
42.1878157,-84.4193996
44.6895028,-83.4091059
46.7510423,-85.2317718
45.980259,-85.7058675
45.4930668,-84.7817127
41.88538,-85.3870527
43.6987236,-85.8640241
41.9640791,-84.5495554
42.0014347,-84.5641187
42.7977425,-83.5382898
42.3886475,-83.3235423
41.9541747,-84.6673857
44.0790136,-85.9549577
41.9015525,-85.5326124
44.3083336,-85.767374
46.2709211,-86.7974132
43.1221474,-82.5151896
43.1386391,-82.4871428
43.9450048,-86.4556386
41.8671593,-85.0365874
46.2083434,-86.4866389
41.7956724,-85.3641843
41.7901415,-85.181975
41.7964383,-84.8832941
42.1033757,-83.1785367
45.4063404,-84.6004751
41.8544146,-84.6510236
41.7522716,-84.7577335
41.7567701,-84.7624388
41.8978276,-85.4685973
46.3979525,-89.0543184
46.0171809,-87.1312509
42.3233727,-85.466701
43.645061,-86.1094177
43.5833999,-85.3017818
45.1719556,-84.2080645
41.7986603,-84.2343907
46.461405,-86.2931516
45.2783112,-87.615945
42.0707377,-83.88355
42.4941508,-83.8523101
41.8892579,-84.7967052
43.218827,-86.1266117
41.8096032,-84.8232567
46.7029968,-88.2395482
42.7525317,-82.6715845
46.3152216,-89.0746337
45.9105685,-84.741718
42.6304895,-83.4796452
46.1057223,-84.5231577
45.8769089,-87.0648604
42.5629049,-83.2981156
44.0676361,-86.1386497
46.3198492,-89.911658
46.1416142,-88.0940232
41.8631055,-85.4330394
46.5803613,-88.7852409
46.1034409,-88.7535526
44.0314036,-83.4355242
43.7833393,-86.4406357
42.7258289,-83.6427777
43.0503055,-85.5503065
44.1672371,-84.3413662
42.5830138,-83.848678
42.5042181,-83.894221
42.1953179,-83.1674247
46.3166256,-88.0849752
42.6415642,-85.5072871
42.7405885,-82.5346346
42.7266997,-82.5465789
42.7720289,-82.5576868
46.4368869,-86.7015468
46.3189977,-88.6630716
42.9651138,-85.5945756
42.6477262,-83.8559613
44.0539006,-84.8121703
42.8161187,-85.3941991
42.1214293,-84.344951
42.6024374,-82.6386389
43.1125649,-85.627827
46.2485477,-89.271149
41.9472844,-85.7315979
46.4668242,-85.5738996
42.5390837,-83.8495347
46.2546928,-89.4578123
46.5232685,-87.8981901
46.320687,-88.9344468
46.2079166,-86.6662296
43.0360935,-82.5750364
44.2708218,-84.7027419
43.364599,-85.3796674
42.040758,-84.6343056
43.2666107,-85.0789842
43.7496695,-85.662381
42.4275382,-85.2680559
41.9410138,-85.3513107
42.8544745,-82.6760316
43.7573511,-85.8980094
43.1289111,-85.8814335
46.6485313,-85.5128339
41.8523514,-85.7029009
42.0099939,-86.0996913
43.0764111,-85.9217111
45.0933266,-83.9724405
46.6005019,-90.0901738
46.2677026,-89.502515
42.2029514,-85.9828827
42.0485208,-85.6378706
42.7066995,-82.602969
46.2427322,-86.6493202
42.0158557,-85.8890118
46.3131821,-89.3043997
42.0042146,-85.0285793
46.4213345,-89.240976
46.3460368,-88.9588964
45.9387799,-84.802066
44.0174115,-86.0409485
46.3212705,-89.3027699
43.6446015,-85.9496608
46.6261531,-85.5082549
43.1683881,-83.7883443
46.2249789,-89.283463
42.776117,-83.3946946
45.6422311,-85.0375612
43.7539124,-84.0872102
46.1567453,-89.1780327
42.0642094,-84.4118942
41.814675,-84.6398338
46.3805765,-89.4937759
42.4683696,-83.0515896
42.7655486,-85.9820442
44.5816465,-83.7192456
42.7905839,-83.6216142
46.2162478,-89.3672458
46.1818933,-86.721105
41.7603847,-86.5321792
43.073213,-83.3713687
42.8848672,-83.3763166
48.1626505,-88.4509026
45.0345631,-84.1827296
43.0300127,-85.609637
46.4724385,-86.9523703
46.1610521,-86.6042291
41.8843518,-84.5481825
45.7886241,-84.4166992
46.6744452,-85.6162546
47.4210227,-88.095939
42.2958716,-83.1165896
41.9199575,-85.472136
47.9753493,-88.9871985
47.9554438,-89.0128605
41.8114302,-85.5267684
44.9852764,-83.4885522
42.4372605,-84.7377591
41.8324118,-84.4250713
44.3998414,-84.0357624
44.8405678,-84.8267032
42.4944127,-83.7858003
42.806986,-83.6659189
42.5911453,-82.8674191
44.2986186,-85.4131082
41.7908837,-85.4102587
46.626898,-87.4905506
44.4531004,-83.9083909
44.6564022,-83.2946892
44.6696527,-83.303477
46.3910593,-89.8159951
42.2067051,-86.1666876
42.856274,-83.5297289
42.0260942,-84.6385726
45.8158374,-85.3000777
44.8978083,-84.6916774
46.2550558,-89.3699848
41.9981043,-85.2963702
41.8482056,-85.3998057
42.2683747,-85.5547267
44.0546903,-85.97821
42.7713008,-83.3292562
46.6487834,-88.1073081
43.5094284,-86.2931231
42.4347571,-83.9849477
46.266377,-85.7156751
45.9307901,-87.5987429
42.3911552,-84.1421068
41.8963095,-84.792162
43.3551815,-86.0825188
46.6668788,-88.3670769
46.2377692,-86.5799216
46.0041827,-84.425869
46.0356669,-84.4186336
42.8016978,-82.6535295
45.7244435,-85.6720321
43.7703223,-85.8919058
46.2449453,-86.656097
42.4126215,-85.8420759
41.9274317,-84.6364774
41.918548,-84.6578784
43.7135766,-85.373931
41.9722665,-86.4272406
45.7925022,-85.3636921
41.9135169,-84.7350903
46.1646064,-89.1581631
46.184016,-89.1581628
44.1432911,-84.5660792
42.8336438,-83.5922118
42.8397689,-83.6637614
46.1247659,-88.8310606
44.3199277,-85.1714304
44.9324328,-84.7445479
46.254081,-89.0666697
46.300627,-87.5510911
45.2844529,-85.0789462
44.3970043,-84.0835481
46.4316528,-87.0817981
44.0167004,-85.5947797
42.6616971,-83.5688314
42.7575308,-85.6380791
44.5529583,-83.7092075
46.9543662,-87.9773462
46.2768013,-87.744301
46.2597395,-89.688805
46.2167328,-89.0762502
43.6706165,-85.8251728
44.071021,-85.8083152
44.6447234,-85.7673003
42.714477,-82.6301925
42.695738,-82.6623535
45.2561191,-85.1867298
42.8304907,-83.6712622
46.2194307,-86.6251752
45.4016441,-87.3720626
46.2756717,-89.6584631
44.934889,-84.6175703
41.8547202,-84.5346421
43.6998618,-85.2620388
44.3327861,-85.2981042
43.8398284,-85.8814631
44.6792545,-83.6076475
43.3897507,-86.1501461
43.4479251,-85.7973347
48.0575323,-88.5886784
43.0542971,-83.4903529
47.8887811,-89.2417559
44.8972292,-85.0533843
41.9246618,-85.7206421
46.2447545,-87.6516504
46.2664703,-87.8697948
43.2058223,-85.6627524
43.0397514,-82.4443611
42.8817334,-83.2729275
42.7492222,-86.1981208
46.2071681,-87.7234681
43.4833504,-85.9417241
46.2094243,-85.8860016
43.0319619,-82.6936029
46.572678,-88.7889038
42.0497557,-85.2515367
46.1179721,-86.3036678
45.1585938,-87.6159416
44.9286137,-85.3731257
47.2502026,-88.3334456
47.4015713,-87.7117811
46.2255317,-89.4976628
43.9251699,-84.9245292
42.9797522,-82.4199142
46.3528055,-88.9602038
42.9747515,-82.5304746
42.94843,-82.5620487
45.6083357,-85.4917464
41.8991702,-84.6462257
43.6534338,-85.7373442
46.2359071,-89.4991598
42.7553196,-83.5459397
43.623834,-86.0392283
42.9936386,-84.1585798
45.32116,-87.42798
41.8049138,-85.5450432
46.3684473,-88.7386233
42.9508635,-82.4540818
47.0028374,-88.7500767
45.3905284,-87.706503
42.8359335,-82.9690364
46.2516776,-89.6684307
42.5495903,-84.1047854
46.7565991,-88.4529085
41.8678237,-83.4521555
45.1219324,-84.2634231
41.9714632,-84.6192358
42.7847304,-83.5937655
42.6986426,-83.316605
44.3352872,-85.2150455
46.0040286,-88.4404864
45.0051614,-84.2467468
46.6024457,-90.3160113
44.9128261,-84.8750262
42.5565108,-84.0986505
45.7896896,-87.064581
46.1480072,-87.2220853
42.2192056,-86.051408
42.0630984,-84.4330057
44.0380689,-85.4539403
48.0551794,-88.7090033
43.6847028,-86.1548898
46.4781621,-87.2062245
45.2083328,-85.5417524
44.8500007,-85.7318686
46.5280131,-86.3632199
42.0559624,-85.2515226
42.844092,-84.3384728
45.0230536,-85.759808
42.0280296,-85.3518866
41.9127103,-85.3325589
45.9594619,-84.3247506
42.9578059,-82.9054863
42.0259545,-85.7613453
44.8988911,-85.4161828
41.9141821,-85.8491878
46.2316373,-89.2650132
46.279624,-86.4351624
46.0864075,-83.9988995
41.8349245,-84.8015833
42.2466185,-85.6333633
43.9798873,-86.4487648
42.9939164,-83.700234
42.9405859,-82.4563038
46.2180753,-89.4284763
48.1126782,-88.6415031
46.2480097,-86.6543203
42.0410129,-84.7568408
42.0275422,-84.7689141
44.4400066,-83.9264232
46.1602698,-86.4513108
43.7328623,-85.4157063
43.7993212,-85.4064803
43.6442313,-86.1194112
45.0960471,-84.0690657
46.3174328,-89.0772174
46.5433199,-86.4477514
44.0025145,-83.466081
46.3143705,-88.0962566
46.2264811,-89.2277572
43.6014048,-85.0690282
44.3362758,-83.6707423
46.1964652,-86.5137585
45.1932074,-84.2231357
46.2430724,-87.6719796
46.2888335,-87.3418072
42.6094784,-82.6607447
43.8293033,-85.8461019
43.833626,-85.8558911
43.8354071,-85.8524246
43.4986265,-86.0197828
42.4619988,-85.261482
46.167056,-89.2102149
45.7352256,-87.3479337
43.0930388,-85.6553222
41.9512447,-85.6939827
46.5091022,-87.8304127
42.6839212,-83.0343737
42.3122596,-83.6560504
47.1196494,-88.5115109
42.8483881,-83.7069826
46.3513859,-85.5420604
46.3681471,-87.9367617
46.9415979,-88.7945761
44.2035729,-85.9356555
45.2758039,-84.3466174
46.7012509,-88.0252948
45.58542,-84.70006
46.2625506,-89.6634837
46.2535314,-89.2871671
46.2549486,-89.6065408
46.1416188,-89.0848576
47.0977044,-88.4131758
42.7828039,-85.9400362
41.9070979,-85.7997341
46.0000214,-83.6666664
41.8262103,-85.5136828
46.4360527,-85.0504909
41.9163655,-84.7950841
46.3821705,-89.7859938
42.5568334,-83.7570965
43.4208542,-85.7883835
47.4582448,-88.1623259
47.8963002,-88.9689684
46.203006,-89.4014161
41.8502681,-84.9677009
43.016967,-85.9564327
43.5105477,-85.6994277
46.3549445,-86.9701471
41.8905107,-85.3673009
46.3566422,-88.7339882
43.3315179,-86.0509905
46.4843919,-89.9398912
44.072427,-86.1787107
46.2962236,-89.7616385
41.8421467,-85.4080377
46.3516655,-89.781816
46.1249534,-88.9826333
45.154105,-85.2449379
43.780709,-85.4113394
44.3999765,-84.2742134
41.897664,-84.4072315
43.0211673,-85.6218634
43.9325669,-84.7526733
43.9633842,-85.0040165
41.9842117,-83.2357621
42.5375347,-83.1921515
41.93092,-85.4749961
41.940117,-85.7038128
42.6791996,-82.653803
45.6796852,-87.7520667
42.9836421,-85.3277951
41.945218,-85.3357934
43.6306821,-85.9652035
46.5001674,-86.2964534
41.970868,-84.6219695
45.8924589,-87.5090205
44.419222,-85.6231077
44.5769496,-85.3506136
46.1190882,-89.0030142
44.9036783,-85.1709257
41.8947698,-84.6093976
43.4761796,-85.9382897
41.7608838,-85.6410996
41.8530912,-85.3967483
41.8773023,-85.478413
41.9903696,-85.5727672
43.2836421,-85.2605805
43.0580057,-83.7195385
41.8567426,-85.5888865
42.0267462,-85.7033428
44.3300894,-83.6679856
46.253508,-89.4864588
46.0189523,-84.1155784
43.8935802,-85.8053106
45.8583463,-84.6164338
45.8530686,-84.6178227
42.2994827,-83.0960332
44.9694436,-85.705362
42.6178099,-83.4135489
41.9737886,-85.7179256
45.2385236,-84.1852162
46.2644623,-84.1264147
47.1399269,-88.5731781
47.1352054,-88.8187369
44.1069495,-86.2167472
45.7439515,-84.7687629
46.1311295,-84.0266812
43.1120534,-85.6396452
46.003653,-84.1481699
42.4425347,-83.8621667
43.331694,-84.3694346
42.272816,-83.692162
44.2209412,-86.3223817
42.3542064,-84.7577569
45.8047198,-85.4945339
45.69998,-86.6334684
44.8114145,-84.2769895
43.6247485,-84.2002659
47.2274217,-88.1637224
44.8985969,-84.3731966
45.1789774,-84.2148321
46.4310491,-87.4668046
46.0000312,-88.0867901
46.225784,-88.7006895
43.2819055,-85.5675434
46.199394,-88.4428353
43.5139031,-86.2311744
41.766496,-85.3941444
46.3932743,-86.9424905
44.9019394,-86.0275933
42.3608691,-85.8794636
46.4099476,-89.5554302
44.8058442,-84.0513905
42.0394883,-84.4582828
41.9635608,-85.6772647
41.8205181,-85.5096529
42.608923,-82.6382438
43.2963126,-85.4995504
43.2516973,-85.30197
41.7733739,-86.7975279
46.5166073,-86.666827
42.0842087,-84.4216175
46.6541411,-86.0626658
44.7162387,-85.5522028
42.9744684,-85.8697613
46.7207587,-87.4115265
45.7326305,-86.8640158
43.1223563,-82.5908982
41.8058436,-84.592864
46.1111709,-84.4956038
42.8322231,-83.4482076
41.7956389,-85.5679862
43.2402125,-83.5208971
43.0022518,-82.427693
42.2242062,-83.1346454
42.8428409,-83.6074332
44.6625015,-85.6936867
43.2790373,-85.1067043
44.6444593,-84.7553082
41.9906388,-84.6194964
44.4035389,-84.0044716
44.6119336,-85.7817388
42.1728162,-84.3605089
42.3679577,-84.0721091
44.6078161,-85.7566803
42.4661861,-83.7222454
43.7421048,-85.8797626
47.1860368,-88.3926167
46.0539308,-88.7587404
41.8371426,-85.411657
42.1253196,-83.1582579
42.4092038,-82.8918587
46.2379638,-89.4610324
45.7024951,-85.8387042
45.0564031,-83.2319116
44.2714099,-85.4889423
43.9829095,-86.3243872
45.2487316,-84.4997905
41.8543254,-86.4955647
41.9785322,-84.6137844
42.4369475,-83.7959809
43.1516359,-84.9806954
42.1753162,-84.3696758
42.851298,-83.2233282
42.6318064,-83.7275787
42.2525597,-86.1247779
46.35556,-86.61861
44.5121701,-84.1219694
43.020028,-82.6332564
44.7644465,-85.4684031
42.789476,-82.6157501
41.9851122,-85.3098206
41.8262534,-85.3742681
41.9278351,-84.5386928
41.9418951,-84.5349126
41.7853265,-85.9938917
45.221397,-85.0775567
42.9650201,-86.1767153
48.1491303,-88.5394797
43.9733473,-83.2043999
46.6435476,-88.4795785
42.3819837,-84.7841476
41.76609,-85.5339779
42.6215624,-82.5347937
42.3930919,-83.3427096
41.8481041,-84.7985706
41.9418194,-84.7675017
47.2871455,-88.4095579
44.8561238,-83.3269135
43.7687182,-85.884867
43.3197488,-85.5489268
41.7199943,-84.5946526
41.9921932,-84.3767845
46.2934786,-89.2622751
48.1509858,-88.6206253
42.6911437,-82.6885269
46.2215673,-87.4930652
42.486145,-83.6157721
42.588644,-83.3716026
41.8829064,-84.9221749
44.3345504,-83.975518
44.8797985,-85.1413147
46.755813,-88.155434
43.7300421,-85.3826358
44.1835457,-84.5202666
45.0047306,-84.1438927
44.2786291,-83.7169278
46.4017534,-86.8402012
44.4109936,-83.9079613
46.862707,-88.3187372
45.3019777,-83.6559137
42.3208882,-85.5460894
42.014122,-85.7254784
44.3185145,-84.5657999
46.5009463,-87.6597555
45.2913689,-87.4420583
43.3384488,-86.0464829
41.7916425,-85.3812739
42.6614135,-86.2092053
41.7778275,-85.8296175
43.0153052,-85.5747507
46.2077264,-88.3809696
45.5177463,-87.6976182
46.3271477,-89.589214
46.3882085,-89.1347833
41.9293516,-84.6152422
46.598752,-85.8611627
45.712254,-85.5594061
46.0256766,-85.6357696
44.0677914,-82.9599464
42.3219815,-83.7688304
43.8425051,-85.9480788
42.6642214,-85.4843055
41.9072961,-85.1269205
46.1885631,-88.8451336
46.1177169,-88.6137688
41.8970237,-84.6042576
45.3855653,-84.9303286
43.6691951,-84.9086323
41.869244,-84.6808113
43.5595715,-86.2609323
45.6647231,-85.5573057
41.9191199,-85.3616971
45.4252481,-87.8065029
41.8408875,-84.8017349
46.170963,-89.2389707
42.3778144,-83.2954859
46.3770751,-88.9336437
41.8441681,-84.4801342
44.952663,-85.2233587
42.7903101,-82.5240803
42.8311415,-82.6838091
44.6330566,-85.8378587
42.8994733,-82.9457644
41.9722742,-86.2338995
41.8510554,-84.7882795
42.3720011,-84.3964377
44.226143,-85.3539048
43.9330579,-84.8922427
47.3887984,-87.9551091
44.631944,-86.0909242
42.8016817,-83.6311162
43.6516932,-84.2374903
43.7852747,-85.4421944
46.2504134,-89.3968789
45.7833085,-86.7001387
44.4946961,-84.9814995
43.5976733,-85.0694977
42.8483639,-82.6263075
42.5528634,-85.6874334
44.0041509,-85.2977205
46.504114,-90.0960072
42.6096827,-85.8786178
43.8333818,-85.9481366
46.3453707,-87.3432923
44.4144711,-85.3923571
45.2027587,-87.6112207
43.6466928,-84.2008221
41.8285979,-84.5285161
42.4979264,-83.8455133
43.7434745,-85.8617353
45.5385163,-84.1489948
41.9107662,-85.0471972
42.3441863,-85.5109411
43.64292,-86.3272055
44.9622232,-85.485356
42.4867025,-83.108814
43.2075705,-85.6525954
45.0499997,-85.5773052
42.6146151,-83.5427842
45.3575121,-84.223903
42.4672557,-83.8483581
46.257948,-89.5712709
43.0686431,-85.1350121
44.6748259,-84.1265128
45.3248536,-84.3892768
41.885881,-84.544117
42.4668051,-85.6431854
42.9454833,-83.3237801
42.7283593,-86.0097593
42.6455985,-83.4814418
43.7069048,-85.7329168
42.8410021,-83.6836271
42.8369766,-85.3986272
41.9330974,-85.3309303
43.0064185,-82.4271374
46.3153771,-89.2884356
46.0493967,-88.3287459
46.3777451,-88.8180665
43.8949065,-85.7963425
43.7139049,-82.7993801
42.0271223,-85.5866522
44.2675027,-86.3028644
45.9803241,-83.849785
42.5680902,-84.1132915
48.2334807,-88.3509011
46.4043637,-88.806315
45.9525771,-83.7226736
46.4013349,-89.1798638
46.4081621,-86.8524233
42.2178171,-85.8911246
41.8464374,-84.7969038
43.5310336,-85.8102949
43.6000654,-85.6172515
46.1188069,-85.1728812
46.4825716,-87.4320049
46.8132658,-88.636521
44.9900009,-85.4828569
46.0030115,-88.4945776
46.8518746,-88.4004052
46.3103318,-89.1055504
42.058654,-84.4124496
47.413913,-87.612243
44.9667521,-84.7186433
44.5775161,-84.6378036
41.8676273,-85.4329497
45.0241663,-85.6009163
42.5651302,-83.8208641
46.2529072,-89.5037901
42.7536429,-82.6563062
44.8566303,-85.4429437
42.8241442,-83.698721
44.0022362,-83.1035626
47.2796459,-88.4134473
47.3888063,-88.2776054
41.7706611,-85.545662
42.4231152,-85.2837339
44.0384119,-86.1106289
42.3905884,-86.1472495
41.8680054,-84.6888733
44.7653545,-85.8400836
44.6649981,-86.2459296
42.9880854,-82.4276926
42.7422524,-83.3671629
42.4864381,-85.526245
46.5772097,-88.795976
42.0936355,-84.4842718
46.5691663,-85.5915237
44.4173634,-84.0252003
44.3978285,-84.2616974
45.7683333,-85.445363
41.830882,-84.482726
41.8549985,-84.4190405
46.3254983,-87.4048614
44.6898949,-86.0931052
41.7816644,-85.0292834
41.8800179,-84.5663071
44.0446597,-86.0287685
41.9565257,-85.7047999
46.9660355,-88.1440114
45.421122,-84.8033782
42.1828875,-85.9811832
46.7666137,-89.7501605
46.78217,-89.75414
43.0247502,-82.6260341
42.9936559,-82.4338615
42.338369,-84.2346794
42.0494731,-85.5097518
44.3619459,-86.2617554
44.8477883,-84.0700024
45.5274874,-86.6645695
42.8128745,-83.2731062
45.3041817,-83.476925
45.39845,-83.84354
42.8090616,-83.770536
42.8005893,-84.4394205
46.2419364,-85.4331359
41.8642472,-85.9863698
42.47602,-83.9731
42.7836425,-82.6426953
46.2747381,-89.6616983
42.9008661,-85.4551527
46.3660949,-88.9032483
43.8533443,-85.9753437
