46.2502448,-94.2505535
44.9444101,-93.0932742
46.7832731,-92.1065787
44.9575100188052,-93.1784820556641
45.5607986,-94.1624895
44.0216306,-92.4698992
44.9799654,-93.2638361
47.5232596,-92.5365713
44.8546856,-93.470786
44.6496868,-93.24272
44.840798,-93.2982799
44.7677424,-93.2777226
47.4271546,-92.9376887
45.0071851,-93.6557945
44.9132965,-93.5032877
46.87386,-96.76951
44.7791309,-93.336336
44.7980186,-93.5268986
44.9238552,-92.9593797
44.7827399,-93.913579
45.0563558,-92.8060408
44.049963,-91.6393152
46.8418841,-92.1938007
44.8041322,-93.1668858
44.8896866,-93.3499489
47.9032372,-91.8670873
47.8243521,-91.8307028
44.6402434,-93.1435497
44.8480218,-93.0427153
45.0941315,-93.3563405
45.1888539,-93.3974538
44.8621853,-93.5307883
47.4890971,-92.883796
47.3917788,-92.8423312
46.7216102,-92.4593566
44.8277446,-92.9438218
44.0838517,-93.226044
45.0105194,-93.4555093
44.7132969,-93.4227274
45.0060767,-93.1566107
45.0860765,-93.2632821
47.4888156,-92.4649052
47.2371658,-93.5302142
44.9249636,-93.4627309
45.2332985,-93.2913405
44.7319094,-93.21772
47.4735633,-94.8802767
45.0546855,-93.6355165
44.15906,-94.00915
44.4582983,-93.161604
46.594937357139486,-95.687402459041
47.2225764372225,-92.938007006127
43.8555186,-92.4885079
47.5898628,-92.4614655
44.9344102,-93.0599395
47.6489307,-92.6352027
45.6216319,-94.2069365
45.737465,-94.9525216
45.5919097,-94.1661011
47.4991592,-91.8114288
45.0791325,-93.1471668
47.2943648,-91.257386
44.2971832,-94.7241498
48.0090856,-91.9683826
44.238848,-94.9758229
43.6199639,-95.5963979
45.3363551,-92.9971631
48.1725981,-91.8972644
48.0661472,-96.1798004
47.3980433,-92.3110034
44.2782995,-96.134755
48.191553,-92.2562763
44.8507957,-93.7869088
48.9052657,-95.3144041
48.9363779,-95.3427385
45.0846885,-93.0099398
45.1219075,-95.0433424
44.0769075,-91.7082061
47.942512,-92.0633009
48.265868,-92.060542
47.8416387,-96.6217314
46.4821848,-93.9577612
45.0609367,-93.3551513
45.243854,-93.5149576
45.0419073,-93.7891331
46.8171809,-95.8453253
46.8249587,-95.8858821
46.8766294,-96.7034118
44.0280197,-92.8546377
47.9299789,-97.0245211
43.8724681,-96.1286369
47.4670014,-92.3561466
47.4624279,-92.5399063
47.4240953,-92.4976852
43.6521775,-94.4610832
43.6438442,-94.4158041
44.2949637,-93.268827
46.2830152,-96.0775581
43.6475648,-94.9850755
47.2386527,-93.0189126
44.1057973,-94.2188494
44.9957998,-92.8793768
47.3183903,-92.1212493
45.3316272,-95.6508706
45.3324647,-93.7460804
47.5329811,-92.3401787
46.3580221,-94.2008288
45.076076,-93.3327284
46.8677203,-92.6038039
47.9357182,-91.982408
44.7088525,-96.2764335
44.5069113,-92.905484
45.8660728,-95.3947607
44.7894072,-93.6021791
43.8455195,-92.1890517
45.1485771,-93.1516124
45.0757967,-94.1899799
47.5285403,-92.1537532
47.2888298,-93.427708
47.8524181,-92.6896184
47.0088042,-92.2686906
45.1199652,-93.2877277
44.9630216,-92.9649361
47.5290929,-92.5499044
44.121782,-93.2505882
47.7484756,-92.4783235
48.0939546,-92.3951369
46.9456172,-93.0118507
46.7471638,-92.2254695
48.56409,-92.83928
45.2611,-93.45
44.8832982,-93.2830021
45.1888534,-93.5530144
44.7394103,-93.1257723
44.8271857,-93.4571741
45.2788561,-92.9852184
48.062493,-91.0200624
45.0096869,-93.349117
47.8379461,-90.3831603
47.5671083,-92.3973741
47.3816233,-92.4260332
47.5196465,-92.1385071
45.159967,-92.9932734
44.8877401,-94.3697057
43.6349663,-95.932797
43.6480127,-93.3682656
43.6813463,-93.3674325
45.237742,-93.6544085
45.8852397,-95.3775379
47.3213338,-92.4837669
48.0863739,-91.8866903
45.1977428,-93.3871758
45.2627428,-94.1244271
47.5299252,-92.2371208
43.6666296,-92.9746367
43.6646853,-92.933524
47.7085278,-91.9446025
46.6521821,-96.4197902
46.3433005,-94.286666
45.021356,-92.7810389
48.5094263,-92.7630425
45.3932989,-93.8769202
44.622741,-93.7685729
47.5091187,-94.9338901
47.4915017,-92.8735956
45.0724642,-93.4557877
44.9530215,-92.9952153
47.1687589,-91.9850887
44.4469033,-95.7883541
47.6727068,-93.0301834
45.6746873,-94.8075152
46.2425615,-93.6462512
44.882168,-93.208354
44.9700118,-95.7147234
45.3055202,-93.7941378
47.3660957,-92.3075101
46.838298,-92.8016027
47.2932274,-92.4938942
48.42805,-92.6486539
44.5432966,-93.5760652
44.3124626,-94.4605287
44.3231297,-94.5015819
44.8663552,-93.0004919
47.0929522,-92.5374988
45.5113515,-92.9802176
43.909951449377516,-92.49629974365234
45.5463888888889,-94.0597222222222
44.722047,-93.6020986
44.8625,-93.6166667
44.0938521,-91.7495959
44.975928,-93.23475
44.5588502,-95.9855862
46.7282731,-92.0479678
43.8419036,-93.8318949
44.3908006,-96.1700507
45.6855145,-92.9654903
45.6985588,-92.9542424
46.487176,-95.528766
43.8082976,-91.7529258
46.3057849,-94.1189437
46.7492204,-93.9533585
44.8711256,-93.8593479
47.5887272,-92.2963561
43.5945655,-94.3816914
46.8591081,-92.4443566
44.9055181,-93.7474636
43.9694076,-92.0643266
45.9741154,-92.5835304
45.5649647,-94.3183284
44.9482979,-93.3480051
45.209964,-93.6649642
44.8421887,-92.9913243
44.3235774,-93.9580145
44.4723802,-93.5447024
46.1310598,-92.8674231
47.7081882,-93.5582288
44.258855,-93.6927284
45.0200762,-93.0916586
46.8374455,-93.1566054
44.3265302,-93.8666055
47.8929712,-90.8761814
45.2535777,-92.8057669
47.7157733,-93.5629701
45.1009419,-93.6731919
47.9501909,-92.1377866
44.5519505,-95.6143381
45.1393858,-92.9046472
44.8759205,-93.6461195
48.2662939,-92.4834911
47.7759279,-90.8180326
48.1203626,-90.9238012
45.0744174,-94.3289995
46.4804607,-93.9242864
44.6817689,-94.1208055
43.7059199,-94.7021121
45.3869076,-92.7477114
46.2545527,-94.6047751
44.4047791,-96.3581056
44.4708554,-93.7202364
43.6521779,-94.7269247
45.4908126,-93.7216706
44.1186468,-95.6989812
44.3700451,-93.4414374
47.0037947,-94.6887631
48.5032024,-92.8819386
46.5933622,-94.3244458
45.3196867,-95.0230696
47.6652067,-93.015739
47.2488123,-91.4157239
45.5409447,-95.5219037
46.8311041,-96.3335599
44.0301114,-92.4577263
46.0433942,-95.6622524
47.1570121,-93.6710322
43.6513442,-94.468028
46.7102054,-95.7784766
47.3114736,-94.1420924
45.1697422,-95.0295182
45.5739949,-93.1522216
44.0928296,-95.6231638
43.9877419,-95.7558464
43.9860754,-95.7827916
47.7964209,-90.7605548
46.990626,-95.1451461
46.7216065,-92.0435233
45.0732658,-93.1261536
44.8804523,-93.1865024
47.9882695,-91.4186336
45.948242,-95.7618144
45.1779739,-95.100399
46.866378,-96.1958609
47.8246403,-92.2562691
44.8927439,-93.034938
48.0522494,-90.2224081
45.5703588,-93.4041777
44.6722448,-95.7746472
45.2330198,-94.9400088
45.3218714,-92.827713
47.1921472,-91.3929484
43.8980264,-96.3642032
43.5610799,-91.6359787
44.9352407,-93.6321817
43.6869081,-92.3890587
45.3980205,-92.9874404
44.9547772,-94.4201543
46.2681189,-94.5407139
46.3555187,-94.7922407
46.5215007,-95.8101187
45.614405,-95.5311514
44.9638517,-94.0474725
45.653057,-95.8958848
44.5430195,-94.3663674
47.9262892,-91.8006947
44.9818623,-93.3234694
44.2282432,-93.9021911
48.3924878,-92.7093557
46.9514081,-94.2803852
44.6862579,-95.5308623
45.2427421,-94.9502872
43.6498518,-95.5849136
44.5511111,-95.1
46.7054627,-94.9702253
44.2460731,-95.8659
44.2833001,-92.4221257
44.294132,-92.6690806
46.7896445,-94.220664
44.8668171,-93.6590827
46.0507338,-95.6379782
45.4329129,-93.2507271
43.8669021,-95.1963829
44.1439152,-94.360458
47.4706691,-95.6695761
47.4517542,-94.3101162
44.0332963,-91.6265367
44.8755713,-93.0979866
44.8516286,-93.5411451
46.9501629,-95.0074541
45.5399085,-95.3160268
47.7878036,-90.7726312
43.8777055,-95.4525023
46.9820578,-95.6185434
47.5999461,-93.773817
47.0681914,-95.5987325
47.3662873,-95.5980046
43.7960816,-91.2795668
45.4019062,-92.6524292
47.5543466,-90.8723722
48.331084,-92.1920822
47.358806,-91.2640506
48.1191353,-96.1811473
48.0519665,-91.7710938
46.865545,-95.4909304
44.9709247,-94.3478014
44.1652068,-93.5991994
47.8054749,-92.2746054
47.81833,-92.29167
45.8314081,-94.7554454
44.2332911,-95.6191766
44.2496794,-95.6047317
47.1595163,-95.2277938
46.8524769,-94.7653837
45.6693749,-93.1631728
43.8277341,-94.4371904
47.1510933,-95.6035646
46.3690395,-93.528681
46.496889,-95.9807956
46.8943846,-92.3646341
47.0227111,-91.6707322
47.0174859,-95.1986447
44.4122366,-93.7110232
44.6138311,-95.5330672
44.7610685,-95.5169625
45.050966,-93.0901344
45.0574659,-93.0738306
47.4079769,-95.8082238
46.6205554,-92.4400412
47.8915813,-92.3668243
46.0831533,-95.3767643
44.8585738,-93.6616266
45.8818569,-95.33245
44.8860408,-93.6326023
44.3680829,-93.6410941
48.2504285,-92.0500608
44.3838556,-92.032945
47.0562089,-94.8269006
44.8686481,-93.7839025
46.902897,-94.219397
45.1517242,-93.7199443
48.1438069,-91.8078436
45.5571872,-94.2241585
47.1013462,-94.5872162
46.273189,-95.9640708
44.2230121,-95.469449
44.3044091,-92.7904749
48.1966421,-96.7728401
47.3900147,-95.8636406
44.0777409,-93.5074426
44.0732973,-93.5529994
46.8703226,-93.98894
44.8413607,-93.6743762
45.0666303,-93.9663609
47.0333351,-94.3469901
44.97413,-93.5066217
47.9131018,-90.79016
43.6668998,-94.6194213
43.746066,-93.728836
44.28819,-93.34422
44.1535753,-92.8996432
47.8922003,-90.5455184
45.7847003,-96.5432043
47.1669742,-95.2317367
45.0773383,-92.9842495
46.0869347,-93.1018592
45.3453723,-92.9357819
44.058297,-92.0587726
45.1181482,-93.0646621
45.2194109,-92.7660423
45.006802,-94.496375
43.7646871,-95.8272371
47.9919652,-90.6036326
43.8663464,-95.1169366
43.9134,-95.10941
47.418685,-94.5688086
47.09676,-92.4008921
44.790167,-93.8328688
43.767733,-94.1657949
43.5017072,-95.4569533
44.8367233,-93.3827955
47.8157517,-92.2376584
47.1037632,-93.4635519
45.9003851,-95.4180231
48.2665718,-92.4884914
47.8251193,-90.7603851
47.7741383,-96.6081212
47.912551,-90.5932493
45.4376741,-95.0334515
45.0327425,-93.3602287
48.0490182,-90.2366383
44.7221109,-93.2666461
46.4756651,-95.9829918
47.9909631,-92.0946505
44.1643586,-95.9465108
44.071351,-95.6663993
47.5053043,-94.0793866
46.2595125,-95.8741897
45.9185885,-95.3960794
45.0816298,-94.3069284
45.9681535,-95.75932
44.9327384,-96.0544809
45.0227394,-92.9411408
44.3622056,-96.0963964
44.7755708,-93.446518
47.37852,-93.6618098
45.0899665,-92.9724382
47.1703233,-95.1683369
46.6265237,-95.6566113
44.0216406,-92.8344125
44.2906512,-93.8505135
47.7932937,-90.7613489
45.5736224,-94.06223
44.046932,-95.3725455
46.628651,-93.0909071
46.3504725,-94.8527058
47.9800985,-92.2478459
44.4294089,-93.2018826
45.1553448,-94.4289129
44.9439873,-93.6805417
44.1649669,-93.8813419
44.9767367,-92.9121955
44.7394741,-93.2951552
47.2065594,-92.3374057
45.3194095,-93.2024487
43.6711803,-92.9526362
45.3260745,-94.5461074
46.5097236,-94.1603073
45.3047964,-94.9819962
48.4708284,-92.8356057
44.1302435,-92.2515588
45.3038538,-93.5671825
45.2113076,-94.9436109
45.3657773,-92.9065184
46.4592121,-93.6256681
44.9832655,-92.8856803
47.6590897,-92.1979466
44.3095696,-93.9186303
45.8152313,-95.6829248
45.7745455,-95.1940222
48.0328369,-91.3594859
44.6673513,-93.9720747
45.9704838,-95.7101157
46.705776,-92.3632468
44.9032963,-93.5663455
44.6791463,-94.1677537
44.5291291,-94.7208211
47.9501314,-91.7413375
44.324408,-93.3107735
46.4220512,-93.7720214
47.8993669,-91.7253221
46.5074559,-94.7784489
44.7582258,-93.1645126
46.1446779,-93.4880157
46.2841263,-96.1570051
43.6763533,-92.1796074
46.7528016,-94.9484658
44.7908511,-93.6038279
48.0831705,-92.4447428
48.0166794,-91.2748214
43.5122213,-95.5021519
44.9460769,-93.0521616
48.6010491,-93.4109824
47.7995559,-90.7727938
46.0612588,-95.307508
47.459581,-94.8844524
44.7405717,-92.8407462
45.4902416,-93.2477276
44.9552249,-93.3070832
47.1974579,-95.2019642
47.2166244,-95.200297
43.6207916,-94.9886022
46.7998061,-94.3015164
44.116078,-93.7080044
43.8499711,-96.3986493
46.6496646,-92.330748
44.2764857,-93.760005
46.7466255,-95.0108547
44.6669074,-93.6269014
48.4835058,-92.844494
44.2186866,-94.5302248
47.1635748,-94.759159
43.9165696,-94.7021931
48.5774764,-96.5205968
45.0774629,-94.8955585
44.0299639,-92.7507445
47.3996565,-93.0724153
44.758217,-93.1165042
46.7707982,-94.0837288
45.8591516,-93.3309013
44.2721868,-92.9854841
44.686353,-94.3068755
44.6262347,-94.1895971
47.1566072,-95.2533853
47.5140948,-92.7307369
47.4989003,-94.5130535
44.1675613,-93.5224711
43.8280216,-91.3040274
45.8516658,-94.7528044
44.57111,-95.6289162
47.5363413,-94.8227704
48.7247004,-96.6033741
45.9866293,-95.3278143
44.44968,-92.2682
47.5231709,-91.4088486
45.4432986,-93.589962
43.5335762,-92.5254538
45.3138543,-93.9572003
45.9030259,-95.1171196
44.10407,-95.6905
43.6774593,-95.1716615
44.9563563,-92.7657594
43.7207974,-91.9768224
45.9208823,-94.8505072
47.3459208,-91.2974787
45.9286605,-95.3488295
44.4613535,-93.9152421
46.8347518,-93.9017137
44.7771877,-93.1668854
47.1612576,-94.4079135
44.8838514,-94.0416389
43.9844072,-91.8693205
47.842916,-90.7243458
46.5803853,-95.9685068
44.1532455,-94.3126955
46.06949,-96.08492
48.1123863,-90.1375902
45.6773135,-93.1436945
45.3894083,-92.8479921
45.4904748,-95.3649503
45.3595792,-92.825288
45.1602442,-93.0888324
45.1271847,-94.5280474
45.0969068,-94.5074907
47.4635698,-95.0004681
45.0269101,-93.0877197
45.3120182,-93.110795
47.1823518,-95.6036868
47.4587418,-92.3605627
45.9763545,-94.3625024
45.590659,-93.0690927
45.7317659,-94.1687705
47.2516617,-93.2813496
45.8580125,-94.9842493
48.2880864,-92.4111324
48.3988322,-93.5557157
46.8027607,-94.3245796
46.6168451,-95.999677
45.8759141,-95.525335
47.5298757,-95.4071408
48.1788629,-91.9752691
45.7788006,-94.7494753
47.610543,-93.6092798
48.1910626,-93.8065692
45.5446527,-93.0986754
47.0412487,-95.7771775
47.7443867,-93.6540847
43.920915,-95.0469424
44.8052426,-93.2638337
47.7330101,-94.548579
47.7282923,-94.6175776
44.8194583,-93.1824053
45.82713,-95.5573604
46.8498317,-94.8170792
45.1607987,-93.2349489
44.1297813,-95.6674007
45.366245,-92.7676282
43.8666294,-93.0510314
43.637455,-94.1021821
43.7069134,-96.1869728
47.209444,-95.2476581
46.3049446,-93.8545332
44.4095831,-93.6428432
47.8402487,-90.7488725
45.7227387,-93.1707758
46.3977434,-94.1372145
44.7604826,-93.9321385
45.8558923,-95.6002574
46.2635701,-96.588129
45.3968723,-95.2371824
43.698573,-95.4686153
45.4982993,-93.9391467
47.2765927,-91.8671201
47.6402014,-92.5254565
45.0869079,-94.2027584
46.0857974,-94.8658555
45.5952387,-96.8334073
47.9403919,-90.6822337
46.4495952,-95.5553601
47.9691413,-92.190515
47.5730472,-93.4087204
45.1719084,-93.8746941
45.1588527,-93.8433039
46.8655165,-96.4678474
47.4935403,-92.7779599
47.7906284,-90.7628698
44.8491447,-93.8046721
45.8479314,-95.3436035
45.0594073,-94.3058168
47.6188542,-95.1339942
44.0327417,-92.6454625
44.9418644,-93.3117332
45.5727408,-93.2243921
45.5582966,-93.2646715
44.362462,-95.9250247
47.0399382,-92.4707459
43.9638484,-95.3552762
44.1166318,-92.1760002
46.6638322,-92.4249135
44.7635738,-93.625791
44.9063534,-92.981446
47.7097222,-90.5222222
46.9495945,-94.3253453
47.3793982,-94.60415
44.9599945,-93.3214619
45.1630223,-93.0557757
45.5529098,-93.003771
45.9454867,-95.4064575
45.3735757,-92.8899376
45.3604263,-92.8712097
47.7364595,-90.7290362
44.8970977,-93.5431786
46.3137818,-93.9450791
44.5651145,-93.217816
46.6241397,-92.4598182
45.8793257,-95.7988325
44.4124132,-93.3458242
44.9549593,-95.3664045
45.4194099,-94.0488721
44.692802,-93.391313
46.2504271,-95.6665892
46.6999439,-92.5054678
46.0814775,-94.7551557
44.462484,-93.4966315
47.2635564,-93.6202153
46.6575985,-93.0418461
45.5944091,-94.3630526
45.4557973,-94.4288849
44.771629,-93.7813523
45.0407987,-93.2630037
44.9795763,-93.1404518
47.8196429,-92.6832534
47.81684,-90.54108
45.3207289,-92.9476365
44.9802528,-94.5434387
45.3055296,-93.1665669
43.8768825,-95.8013326
45.9054424,-95.9556813
47.7962512,-90.7821436
47.1693797,-92.4763004
44.6088464,-95.6741866
44.7680176,-93.9274683
44.7735732,-93.9216348
44.7371828,-93.5169731
46.8585149,-95.9014243
44.3079669,-94.0156355
48.0935009,-91.0666861
47.027736,-94.9072361
47.9466536,-91.5431153
43.502734,-94.5741448
45.2583333,-93.5375
44.7008894,-93.3095633
44.9713519,-93.6044033
44.1660764,-92.5349056
48.0535266,-92.8310021
48.0197546,-92.8592692
45.866908,-95.1522522
45.1194091,-93.4024532
45.2741314,-93.5913502
46.3991325,-95.661637
48.1693026,-91.1044472
45.5221931,-95.7935909
47.1896473,-94.995583
46.9179552,-94.5060166
46.9221813,-95.0586322
44.8339935,-93.8694074
48.1245233,-92.330713
45.1512367,-94.7881867
45.3805196,-94.7119483
46.699403,-96.0206101
45.9916722,-94.2281336
45.7808307,-93.2722912
46.5944042,-95.5725415
46.6142672,-93.9560371
46.9255873,-94.9672433
44.9875079,-93.0530498
44.8247951,-94.5773042
47.1528062,-95.2154123
44.8333803,-93.698109
45.9816318,-94.1047124
44.9148895,-93.0268206
45.8260672,-92.9685423
44.2013537,-92.6462999
48.9974282,-95.9792307
47.1477808,-92.3565472
44.000526,-96.3175341
43.985808,-96.297438
44.0135194,-96.3247552
44.1649655,-92.1715571
47.3900137,-94.9245227
46.1639849,-93.9232799
45.4946868,-94.2858262
45.8400237,-93.0399309
46.0114288,-93.1862596
46.8716481,-94.3402716
47.0023083,-95.0524083
45.569965,-93.5816278
45.1982343,-93.8543255
45.8019051,-96.147281
45.8821851,-95.6589234
46.5303651,-93.9240324
47.1629187,-95.2112044
45.2083771,-93.9964211
46.867352,-93.2254113
48.5026317,-93.2789487
44.4021892,-92.079058
44.5624676,-92.5338013
47.8785682,-94.9130452
44.5394039,-95.1169425
44.5446516,-95.0795903
44.8387741,-93.7462513
44.1777407,-93.4835546
45.7398453,-95.4211409
44.7891264,-95.2116731
45.7519099,-94.2202723
47.783468,-90.780188
46.5275542,-93.3538282
44.0874639,-93.061315
45.1586829,-94.4390094
45.4541305,-94.518332
45.1068145,-94.5401609
45.032187,-93.3385614
44.3277257,-93.3451948
45.7574574,-92.9624327
46.4266012,-94.4745014
45.0882963,-93.7344099
45.4719088,-94.3408273
46.9432281,-94.9940963
44.8726146,-93.1381532
45.7984217,-95.7223505
46.8058651,-93.964444
48.8460926,-95.7627661
44.8686363,-93.4926343
45.8299654,-94.2936093
45.5806338,-93.034326
43.8455758,-95.0461886
46.9569528,-95.0641958
46.7066578,-95.7620645
44.2882956,-94.4735837
45.9552432,-94.5350089
46.9291095,-92.9196483
48.0522921,-90.3873067
45.6646892,-93.9097009
45.1321688,-95.0604002
47.0472429,-94.213064
47.3715978,-92.6040753
44.4524621,-94.7308199
44.8857988,-93.1779985
47.5763481,-95.751415
47.6684075,-93.8971949
47.6814357,-92.7189652
46.0809863,-95.985365
45.38,-92.6861111
48.2999989,-92.6143218
48.0121617,-91.1964471
46.7280146,-95.7008776
45.7944283,-95.617086
45.6627428,-94.6900104
44.5074677,-92.3262914
45.3773148,-95.562812
43.8705186,-95.6002856
46.0351532,-93.2305937
44.8967383,-93.5646787
47.9210566,-91.7474662
47.2270252,-94.7478377
45.0585634,-93.0416065
45.8993141,-95.3274413
47.506018,-91.109045
45.3568033,-93.3357894
48.2816201,-92.1159217
45.0200003,-93.0705424
45.08411,-93.0794984
44.1989213,-93.8476281
48.0556492,-90.9297977
45.537461,-95.521983
45.3627011,-95.1891926
45.1387278,-93.152915
47.1560562,-92.4438907
44.4005221,-92.6238028
47.1468715,-91.4632289
46.3824804,-95.552374
47.7504469,-90.3342727
43.7057964,-92.5721206
47.999682,-89.7606885
48.0101633,-89.6120317
45.827341,-95.5445767
43.9463526,-91.3993094
45.2541309,-94.8944522
46.1219685,-93.0075341
47.1635655,-95.2142762
47.7092396,-93.7778588
47.553833,-93.5350832
45.094604,-93.6785427
44.6390503,-94.2315415
45.2502429,-93.2499508
46.7063962,-95.9032656
46.4778392,-92.6946177
45.155797,-93.6663524
44.7275166,-93.3406172
44.9835674,-94.5086711
44.9218213,-93.3048658
44.9375277,-94.3037453
45.5863499,-92.9746598
45.3902614,-95.5695069
44.7433008,-92.8524273
44.5082515,-93.4804331
46.8807932,-96.3167309
48.6233095,-95.5077539
43.890519,-92.8476898
47.1862425,-95.2451887
44.8381227,-93.5860691
44.7438507,-94.715547
45.3747864,-95.2378802
45.315868,-92.9942156
44.5282971,-93.9077438
44.4960747,-96.4508803
46.8068852,-92.2382464
44.9209197,-93.2360495
46.0113409,-92.9443707
46.8349138,-95.0512856
44.7424482,-93.8785654
47.7778845,-90.696628
47.2046841,-96.2092236
44.9529609,-94.3443663
45.4688589,-93.0498422
43.59636,-91.50395
45.0607968,-94.0733088
46.4865856,-94.2669108
45.957519,-95.7541155
48.0582524,-90.4360402
44.1080507,-95.336442
44.8588512,-94.3819282
44.8153433,-93.8748213
45.3852255,-95.1204113
46.0723562,-95.5846703
47.9234583,-90.4549486
47.299689,-96.5153463
44.7409361,-94.3635155
44.9027452,-92.7835373
44.8624675,-92.7835367
48.3456133,-95.9455069
48.3744905,-95.9632337
48.467841,-92.8116925
45.8944447,-95.3743622
44.62785,-93.22811
46.533013,-93.7102493
46.5474566,-93.6769144
45.6299647,-94.5700048
46.972996,-92.5760257
46.2075541,-94.5414733
45.6292539,-93.1152226
47.1839734,-95.1843476
44.8025931,-94.5590406
44.1989383,-94.8465889
45.1319146,-93.0523599
48.1237775,-91.1459357
45.923367,-95.661033
45.8209189,-95.4220148
47.4453092,-94.6538253
47.7749204,-92.6340652
44.8712249,-93.5598209
46.7658977,-93.9855391
45.1446878,-93.2110589
44.6082967,-94.0805278
44.1531651,-94.3448331
46.8802157,-92.0904654
47.5661917,-96.2355689
45.3550028,-96.1388878
45.5962517,-93.1020738
47.3817916,-95.8215302
44.9800188,-94.5558938
45.138852,-94.7780564
44.2561328,-94.6520467
47.1275638,-95.3957074
47.6803006,-96.0121492
47.5216231,-95.3983491
44.6791205,-94.3492667
45.1141474,-93.0156902
45.1386803,-93.1356081
44.2118286,-93.8355779
46.1707812,-92.8440889
44.7750756,-93.8955876
45.9105157,-95.8903298
45.9097534,-95.6527831
48.0748932,-91.5751196
44.5766667,-94.9777778
44.4525,-94.7305556
48.7283076,-94.6121518
46.0089636,-95.5905493
46.3902612,-93.8553814
44.0714895,-95.3734994
47.7763997,-92.0794779
47.7963051,-92.0768231
48.0662021,-90.4284955
44.5849269,-94.1567402
47.4836667,-95.85843
47.2577003,-91.3004437
43.6427458,-91.5818101
45.1742876,-93.74366
47.9737784,-94.9376487
47.5061131,-94.8509169
45.0182789,-93.1416558
44.9866298,-93.5716243
47.1898017,-95.4139347
45.9746867,-94.8655775
46.9863443,-94.2113636
46.9913331,-94.2080451
44.4802412,-93.4285587
44.9696874,-93.2849478
45.721403,-93.3581906
45.0305693,-93.415597
46.4150649,-94.8533582
48.1871239,-92.2428744
44.533294,-94.9836054
44.8777869,-93.5594805
43.8660755,-94.023149
43.6541362,-96.2128071
47.1970408,-95.1840423
44.9288538,-93.2996699
44.0507937,-94.4182981
45.9993511,-95.7529048
47.3571518,-92.367684
45.6712869,-95.5323933
45.6039385,-93.0849861
44.22164,-93.91874
44.0691307,-92.7557456
47.0715606,-94.913388
47.7751741,-90.7791226
45.7782527,-95.3710768
47.6592391,-96.1597503
45.229132,-94.0019227
45.23599,-93.98559
43.9288512,-93.9560643
46.5335703,-95.9492193
46.4946281,-94.3635029
47.4294087,-94.9065969
45.3736298,-92.8962002
45.7742255,-95.5837942
47.0904543,-94.5934213
44.8849625,-93.8877453
48.0779348,-90.5864392
44.3727262,-93.3962488
45.9541994,-94.9215036
44.9982435,-93.1132093
47.1649831,-95.1957661
45.0619564,-92.8278545
44.1741299,-93.2463242
48.0295319,-90.5504972
47.2454885,-92.4171319
46.753848,-95.0980798
44.8871878,-93.1643869
44.8835768,-93.1382749
47.5688122,-92.1318378
47.5082825,-93.8835465
46.1288485,-93.7405269
46.1792706,-93.5314933
44.083241,-94.1474669
46.0408241,-95.3685858
45.8913382,-95.4760336
44.1621879,-94.1021803
44.9410749,-93.441897
44.9149628,-93.6413485
45.6178361,-95.4506453
47.5316428,-95.47494
44.7722349,-92.9301116
46.8747188,-96.1981441
46.3157288,-95.6717983
47.8019696,-90.3698748
45.3205175,-95.2750235
44.94803434982271,-95.71701049804688
44.4388525,-93.5813413
45.0649634,-93.9110814
47.8345231,-90.7889764
46.454113,-92.7618662
45.8769031,-93.2938352
45.5860721,-95.9139406
44.5513496,-94.9844392
46.0613433,-95.5989553
44.9366295,-93.6660719
45.1049656,-93.2085582
47.5324267,-92.623515
43.938846,-94.9297089
46.9104158,-94.4978686
47.3414246,-91.7698307
43.7747682,-94.4696158
46.7115103,-95.6570942
44.7098708,-93.3411052
47.4419037,-93.4736172
45.6267334,-93.0481463
44.3419094,-93.0679881
44.3452425,-93.1074337
45.259737,-94.9674057
48.1110349,-93.0940553
48.1142606,-93.1112512
45.0655212,-93.2018908
45.0380201,-93.3866185
45.3010756,-94.9441773
44.2760774,-94.1874633
44.8891317,-93.2768909
47.3552257,-91.2470225
48.0176822,-92.1320837
45.3575165,-94.0558306
46.5205224,-94.288609
44.9086381,-93.2421354
46.3786616,-93.9637818
46.4383843,-94.2414302
44.1732996,-94.0338451
45.102744,-93.0791092
47.872456,-94.2805032
45.1611111,-93.2272222
46.2722222,-94.3333333
46.2722222,-94.3333333
47.9327778,-97.0355556
46.3333333,-95.6666667
46.36111,-94.22917
46.83803,-96.65484
43.6211111111111,-96.2155555555556
45.0055556,-93.1472222
44.9715,-93.2885
47.4181,-94.5392
43.88673531237641,-93.70501354307741
44.487729875853354,-92.84860330137265
45.33492665598613,-93.8536993583818
44.8011111,-95.5111111
46.8155556,-92.0736111
45.1608333,-93.234722
45.3280207,-93.4702341
46.6913603,-94.134543
43.6194097,-95.8005713
44.3191297,-95.9516917
44.1766333,-96.103918
46.7796844,-96.6531329
44.786903,-95.3516784
48.0143611,-91.161522
45.7430326,-94.6158541
45.0205212,-93.2180019
44.627448,-93.4327148
45.386909,-93.3593978
48.0138565,-96.2147635
43.9824577,-94.6269181
43.9030026,-93.416802
45.702743,-94.2744404
48.8660961,-95.5708066
44.2096799,-95.1286044
46.8315627,-94.4538978
47.6110992,-94.0025617
47.8936544,-95.2699411
45.5391335,-93.8199742
46.671334,-92.6332502
47.2116022,-92.6029684
44.6557545,-94.0509682
46.9658742,-92.5209415
47.5443471,-90.8918178
44.6484564,-93.535931
44.4771797,-95.3263923
44.2285736,-94.4346917
46.62996,-95.0889136
46.1697693,-94.3240165
46.4852757,-93.6030687
47.9570723,-91.5426716
47.695742,-91.5820916
47.1132688,-92.3529655
47.4580288,-96.8184126
45.4439531,-93.7745948
47.5302332,-95.258623
48.0258622,-90.4197639
44.9007963,-93.5891242
44.5794829,-94.2321562
47.2646586,-93.0207527
45.3149655,-93.9797012
47.7332678,-91.1352475
44.9032959,-94.1955334
48.1474489,-91.8298483
47.485479,-91.9943374
47.6768129,-94.4140066
45.0013235,-93.5018746
47.5199538,-95.1291755
48.1018866,-91.1464494
45.135528,-94.3934637
45.2924646,-94.2119303
48.0369517,-91.912933
48.0943033,-90.5474747
47.1448767,-93.6829401
47.5863147,-94.5874463
47.4445715,-92.246894
47.9512608,-89.8455744
47.738345,-91.4753716
46.151953,-95.6268189
45.1077433,-93.2380038
47.6324527,-94.1363333
45.0361329,-93.6190752
45.673295,-93.1832774
44.8374179,-93.4548227
47.9449593,-91.3402118
45.5521518,-94.613016
44.0223438,-93.2260411
43.5146927,-96.2630865
48.4499791,-96.8725616
45.5861251,-96.0003026
47.7305054,-93.9599336
47.4504845,-92.6087951
46.8030154,-95.3525318
47.4188073,-94.6895785
49.0519679,-94.9545392
44.0091343,-96.1005806
46.6168873,-92.3824147
46.6691142,-93.006878
45.1739254,-93.9630474
43.7071863,-92.268221
47.3068774,-92.603244
48.8638742,-94.8593862
44.7246843,-94.4858185
44.0274629,-91.7698734
44.037736,-95.3183305
48.490253,-96.4472617
48.5538633,-96.1689071
47.7765902,-92.8687906
45.3477401,-95.2383563
47.4546659,-93.6385391
47.4846453,-93.7091478
48.186607,-91.0322074
44.3088705,-94.2620015
45.2306157,-94.0750573
46.8955094,-93.6741244
48.8533195,-95.2213442
45.2827141,-95.6814275
47.0953501,-94.0823982
47.3127177,-93.3821497
46.9943825,-92.3326887
46.6443915,-93.1271635
43.5580211,-92.6426805
44.5935731,-96.0658678
48.0009891,-91.8809196
47.8277534,-90.8102204
47.6566206,-94.6747007
47.7649857,-94.9428223
44.7409539,-93.5337019
48.1358907,-91.855548
47.5949595,-91.1006606
46.0706236,-94.8975995
47.57379,-90.8362589
47.1668822,-92.811028
47.3292922,-91.8080474
44.9085741,-93.5930133
47.7196243,-90.9532189
47.7799583,-95.6922414
45.7721838,-96.4716426
46.9317613,-94.388781
48.319461,-92.1644971
43.7621774,-94.7072
47.0072891,-95.9566834
47.8708515,-94.2180637
44.2061706,-93.6638956
43.5596779,-93.4229885
48.6284048,-96.4318745
47.0968789,-92.2112966
47.3340424,-92.5707075
47.2602405,-96.2589477
45.684609,-94.5057226
47.394914,-95.2930215
44.7380132,-95.4539039
46.3102849,-94.0376435
45.5943971,-94.4708859
46.692755,-94.2538607
45.8107986,-94.5713974
45.338627,-94.5332805
46.6600134,-94.0441494
44.6735782,-92.9671545
46.3982953,-95.0147464
45.7155184,-95.2691995
46.1635704,-93.7574724
47.4221512,-93.5228107
44.2842826,-92.2302681
44.4019019,-95.2558328
46.4424614,-95.1361386
46.5857608,-94.9694088
47.6600967,-91.5417022
45.0588538,-94.9891737
46.1182899,-93.5210726
47.7357561,-92.2835012
47.9240821,-92.6451691
43.9349639,-93.6974466
47.6675187,-93.370376
44.3163463,-95.2116636
47.9798651,-90.6385858
48.6583084,-95.7347135
47.1288297,-93.2665983
45.2854778,-93.2839495
48.1926804,-96.7116397
44.2494076,-93.3938305
44.0221232,-93.5872834
45.0387316,-92.8839583
48.1613516,-94.5124551
48.1025529,-90.3236248
44.9635738,-93.847189
44.218853,-93.5680022
47.6674048,-92.6934458
45.3152415,-94.4086029
43.9784278,-94.6140609
45.0096796,-95.8014179
47.1805159,-95.9392111
44.529686,-93.352723
44.5683003,-92.7385321
46.0355156,-96.1011687
47.2070961,-92.3568134
45.1596872,-93.3496744
46.7354968,-92.1863025
44.9160768,-93.1016074
47.5154823,-92.5701824
44.0421826,-95.4361128
44.9367446,-93.7240737
45.8044052,-96.499233
47.7498265,-91.9238141
47.0966263,-95.8433756
47.1866005,-92.3662982
46.357078,-96.4683469
45.0541329,-92.9566037
47.7951505,-90.7054982
46.3182794,-92.8413116
43.5616787,-94.4808809
47.503563,-95.0011172
46.6993057,-95.7220443
48.0377371,-92.5593308
47.5360732,-95.9883725
43.9868497,-91.7791294
46.9824592,-95.9097694
47.9983442,-92.0238082
46.6807803,-92.8840939
48.1779315,-91.7992428
48.4981246,-92.8058292
44.9530187,-93.5763464
47.593834,-91.7563177
46.9257744,-92.5585251
46.1396879,-94.5769564
48.1018594,-92.8429456
45.6146825,-95.7381026
43.9135753,-91.3598639
44.6718862,-93.0654355
45.6588517,-93.398841
47.4443397,-93.7028588
44.7919049,-95.097225
45.28,-95.7513889
44.0513467,-94.8380398
47.6454187,-94.4014311
44.9296854,-93.5224552
44.4069101,-93.0393771
47.6140221,-94.8932831
44.0225888,-92.8620538
48.1934826,-92.1853328
46.6741841,-94.0058667
48.5722023,-96.8964491
45.9337164,-95.4535226
43.9735748,-92.139051
48.2777921,-92.4249423
47.9589596,-91.8716603
44.4547965,-93.4761443
46.800773,-92.1318564
45.7157948,-96.4258971
43.5594009,-94.7744283
46.1649633,-95.0391936
46.4080226,-94.3558353
43.7657885,-93.9010639
48.0749373,-91.9421314
47.84022,-93.6429682
47.4826446,-93.9606935
43.5080273,-91.4615282
45.9941268,-95.9767205
46.709942,-92.2799143
47.505204,-92.4410154
47.1892472,-95.2180675
43.6627418,-92.7085153
47.9895485,-91.6522513
43.8727383,-93.3013213
46.2458043,-95.5725319
43.518023,-96.018356
47.1035501,-92.7771393
45.5627429,-94.9472391
43.501899,-93.4882675
47.6674624,-96.0100373
47.8939148,-91.6484877
44.3241283,-94.6044233
47.9719172,-96.6389513
46.0041275,-95.682824
48.0496399,-91.2857047
43.9882976,-92.2284982
47.3704803,-91.9265623
48.1461795,-91.0382322
44.9916323,-93.166333
45.5551972,-93.1864678
43.6739283,-93.9479994
45.7521819,-95.6172677
47.2452326,-94.2110744
44.076873,-94.3855603
47.5360765,-96.2803328
46.9210812,-94.8925136
43.6739972,-92.0901673
47.4146362,-91.2490485
46.2016136,-92.9160349
43.9071931,-96.3672588
45.0252407,-93.7074634
48.3315877,-93.0798792
46.9724948,-94.130082
45.7039682,-95.6434134
47.4188186,-92.6035183
47.6704937,-91.9491734
47.6171299,-91.3548713
45.5614867,-93.2951807
47.7363571,-92.1151052
46.138011,-93.4707924
47.5095255,-93.632004
43.6741733,-95.154113
47.0036282,-92.1133055
47.0007761,-93.2674372
47.8138069,-92.2154359
44.0557904,-95.1966602
48.0866878,-91.105138
48.0211535,-90.9150359
47.8106795,-91.9162498
47.1427372,-95.5291963
47.9221301,-90.7138193
48.4376947,-93.0273735
48.5318643,-93.0876463
45.945217,-93.2934252
43.5758015,-96.0944694
45.1523815,-95.0047415
47.7630423,-91.8416297
44.2924667,-93.9649575
45.007945,-93.6256336
47.667902,-92.1096515
47.1479259,-92.4502394
47.3832641,-92.6043528
48.0655164,-91.186504
44.3085769,-91.9957204
47.4174332,-93.0065796
47.1538256,-92.5993579
47.9008087,-90.4314454
48.0075902,-91.9857918
48.641925,-96.9089482
43.7535785,-96.0725233
47.4938099,-94.366864
45.7780151,-95.6961587
46.4363493,-96.6847986
45.1930165,-95.3205768
47.8242901,-95.1138793
46.4916126,-92.877983
43.5363429,-93.7121663
44.3132973,-93.5741156
45.3124642,-94.3002666
47.8611195,-90.7173786
47.6913071,-91.4281998
48.7766306,-96.7828475
48.099892,-91.2167788
46.94938,-91.7790675
48.2452684,-93.7833663
45.5790313,-94.4783911
44.0707924,-94.5696936
47.3317771,-95.1651798
47.7216092,-93.817923
44.4466306,-94.3952541
44.261079,-96.287539
48.7355342,-96.6628218
44.9967762,-92.859392
47.2005118,-94.9936252
46.4855226,-94.3605573
43.9966325,-95.952797
44.2310677,-95.2641639
48.8583146,-96.8042148
43.7452402,-92.9701918
47.2138445,-94.7541683
45.3500203,-96.3050645
46.0394091,-94.0633217
45.8748161,-95.4336458
44.9985767,-93.2057789
45.0095974,-94.0034485
44.3894097,-93.7302337
47.4290994,-92.9851897
47.7112668,-91.3859537
47.5157917,-95.6358568
47.6519,-95.2722308
47.4615949,-92.5718506
47.1036809,-92.4042896
43.8338555,-96.0136319
43.9232913,-94.4374659
45.1424659,-93.1632794
47.0980724,-91.9866106
44.4125964,-96.2670873
47.8629769,-92.8704537
46.8221676,-94.4769807
43.7477438,-95.9472407
47.2534348,-93.715595
47.6138606,-93.5325696
48.0644181,-90.6526908
47.4840867,-92.0608653
47.5658692,-92.2400615
47.3515543,-92.3209549
47.1135572,-95.6693547
46.3477447,-94.4044489
47.8680124,-95.1105549
47.2971571,-92.8310247
47.6245756,-93.775697
43.5391781,-94.5973061
48.5387218,-92.9955072
48.5127299,-93.8029478
45.3149604,-95.6000349
45.6991326,-93.9988377
46.9936561,-92.3197791
45.4038532,-93.2677285
45.2748471,-94.2817246
48.0318079,-92.1324389
45.1351395,-92.8085966
43.6238465,-93.2890959
47.2933666,-95.1720036
46.5810963,-95.7669278
47.0630716,-93.970742
45.3824644,-96.5131148
47.6469283,-93.7868087
44.8427407,-93.6013463
43.505243,-95.6900136
47.78035,-93.6481
47.7298811,-90.634384
47.8469703,-90.3581065
47.6385596,-91.3240336
43.9066239,-95.0463791
44.5757941,-94.974995
48.6269055,-94.1018504
45.0610773,-92.9760491
44.7674614,-94.8955521
47.5269909,-93.5318889
47.4942813,-91.8664638
44.9427397,-95.0233368
45.7849627,-93.5569028
44.25586,-94.8835576
45.4301288,-94.4648217
47.180243,-96.5061805
48.0283822,-91.3875318
47.2954963,-93.4188185
45.8194098,-94.4094468
47.3708052,-94.6891366
47.5430026,-93.7965975
47.5371883,-93.9050458
45.9652386,-95.5986557
43.5621765,-93.8118931
44.7939207,-93.5997691
43.5606212,-94.5781424
45.9493991,-93.0754888
47.8144071,-96.0022558
45.5010752,-95.1244669
44.2421653,-94.7274811
43.7402404,-92.8693543
44.7319068,-94.3502593
47.4140491,-92.9153349
44.7371841,-94.6169333
46.9007746,-92.5243575
47.8943508,-91.9287566
45.8674652,-94.685014
47.4613927,-91.8683751
47.7597993,-91.4791172
48.121853,-92.5234934
43.6346913,-91.4968076
47.3218824,-93.2768683
44.9336111,-95.7466667
46.0977375,-96.404789
48.0665546,-90.316761
45.9724628,-95.2922574
46.5924025,-92.6770517
44.8207587,-93.8025841
44.5438543,-93.1524381
47.6962383,-91.4577582
45.319687,-93.2860626
47.4966418,-92.3443898
47.8657595,-93.0618434
47.2257673,-92.4765778
43.5335672,-94.6316462
47.972834,-92.2251091
43.9291325,-95.9472411
47.4007645,-92.7071297
45.0223387,-95.5666855
45.5024658,-92.908342
45.5716292,-96.1733905
47.7034624,-91.6920163
48.1436107,-91.7127429
44.0444086,-92.9976999
46.1302414,-94.9486356
44.570831,-93.8294721
44.7888889,-95.8038889
43.7638476,-93.3290985
46.8923421,-96.4906469
47.7519504,-93.9704634
45.4449657,-93.9988708
47.6919008,-95.4311233
47.5776645,-95.3790347
44.381626,-95.0524937
47.6077515,-96.8170222
46.7856577,-94.3215891
48.1379268,-90.7962999
47.777656,-91.0782094
44.1102361,-94.9047089
46.6594069,-96.7484142
43.6149554,-93.5282708
45.0952417,-93.5474577
45.8741709,-95.4845327
44.0071067,-95.1811533
48.9974874,-97.2045066
47.329255,-94.0933236
47.649805,-93.3948953
48.4158309,-92.5354665
45.3407981,-93.326897
45.6977455,-93.8180289
45.0313559,-92.7929842
46.9319082,-96.778969
45.2596872,-96.3289432
47.1027376,-95.9250454
45.8321825,-93.4263416
45.3654544,-92.793281
43.739404,-95.3158321
47.8391273,-95.8544701
44.77635,-94.9897214
44.0037523,-92.4017707
48.0069248,-90.6420881
46.0705151,-93.6677455
47.8111213,-91.8769441
43.8482894,-94.6977554
45.3046871,-96.4447788
46.920238,-95.2569716
47.4456447,-94.6924622
48.1952614,-97.1320169
48.517651,-92.8121502
43.6135754,-92.4279497
47.321317,-91.9803679
46.820514,-93.9480252
45.0351854,-93.1227201
48.14772,-91.7688416
46.7132862,-93.4885687
46.9246582,-91.850737
47.4152054,-92.2596249
47.9641195,-91.396297
46.1530178,-95.3289243
46.8724437,-92.7643641
47.096049,-92.5993585
47.3718751,-92.5562975
45.6980214,-93.6480191
48.0988809,-90.9094197
46.5707924,-96.0831124
47.3327147,-93.1971434
47.4835642,-94.4799693
48.0662321,-96.0366683
45.1488509,-95.1764036
46.6030198,-94.3094399
47.7612594,-91.9145247
47.1777476,-96.8053567
43.786353,-91.8348728
47.785198,-92.3632224
47.4600929,-91.5892233
47.9562265,-91.8052234
46.3299668,-94.4741744
48.0162237,-90.5721709
46.1207671,-92.7412705
46.2029446,-94.7597322
46.7180163,-94.4041625
47.8827398,-90.7233654
44.0229951,-96.2586448
47.6630135,-91.6401955
46.4194516,-93.884869
45.1506899,-92.9112958
47.4868266,-93.4876531
44.7744064,-94.0399721
47.9113528,-96.0417004
47.7738543,-96.4018055
48.0205149,-94.9138766
46.9699603,-95.3839188
45.5860222,-95.4444822
48.2500861,-92.1625281
43.6702423,-92.0832157
45.55987,-93.60822
44.9338496,-95.1875089
46.0173889,-95.4968154
46.9979958,-92.6176933
47.6777324,-94.9072151
47.6899263,-94.9306977
47.8239588,-92.008688
43.7760738,-92.4829507
45.0170648,-93.0996062
47.4274293,-92.5812959
46.0910771,-94.5036199
44.526078,-93.0199336
48.6129906,-93.3487579
47.591608,-93.684245
48.0371637,-91.1429869
45.0157942,-95.2386238
43.7035752,-95.7130676
47.876346,-95.0169402
47.4435428,-92.899076
47.6349058,-91.3134466
44.4036605,-95.2538338
44.726814,-94.9471433
44.2238454,-95.3644452
44.3542619,-93.2966778
47.4469749,-95.0736384
46.9746812,-95.8228217
44.8357357,-93.5216109
46.4617864,-93.6718097
47.5755548,-94.6711284
47.859356,-92.0418175
46.8599591,-95.6878192
43.6746304,-96.2532076
47.4902093,-92.9862984
44.0977412,-91.8168207
47.2565929,-91.845176
48.8035949,-95.0968936
45.4338529,-94.6397247
43.6035756,-92.8318541
48.0986311,-90.4225186
48.7751395,-95.8108179
46.4749595,-96.280619
43.5405195,-95.4683381
48.094179,-90.3582853
47.8002518,-96.8014624
46.6596641,-92.2732484
45.7344117,-93.7105223
47.5927372,-95.7736379
43.7399639,-92.1362717
46.8532736,-92.2801901
46.2771818,-96.3100654
45.505742,-93.3306773
45.222742,-94.2574855
44.5282947,-94.8805473
43.7657901,-93.5641078
43.6738442,-93.3488159
46.8979921,-91.8971278
48.0661098,-90.9467247
44.5110788,-92.3565707
43.5863438,-93.9266201
47.0121849,-94.5923729
47.6880643,-91.5066702
45.9407944,-95.4919866
44.2144045,-95.755848
47.3713527,-96.2675572
48.4244129,-95.7841678
44.5530201,-94.220531
43.8232933,-93.2677081
45.1762457,-93.0893864
47.0799667,-96.7942458
47.9679724,-92.8082268
47.9640842,-92.8290604
44.5127379,-95.8911373
44.5338518,-94.5263709
47.8128429,-94.8709349
48.1529533,-91.1169285
45.735245,-93.9491479
47.6694289,-94.5315551
46.7906544,-93.2220497
44.769129,-94.1516424
44.75604,-94.08121
48.032416,-92.8310026
43.5724572,-93.2813175
45.6502394,-95.3897582
46.8752396,-96.5789626
47.7374567,-95.5136248
44.4098502,-92.722591
47.1618835,-93.1357597
48.1432965,-95.809459
44.0624631,-91.6957056
46.8641109,-92.8471458
43.6955106,-94.3477458
47.8162796,-90.383439
47.963776,-89.6848121
45.63524,-93.195223
44.8099575,-95.5455752
45.084411,-92.9104908
45.9340464,-96.012184
47.6394634,-93.7072337
48.0005487,-91.861081
47.9671454,-93.0210056
44.6791292,-94.008304
48.7005324,-96.1816816
45.1032966,-93.6913527
45.6016317,-94.8600149
44.9149631,-93.5532897
48.0015481,-90.1729415
45.825243,-94.7466829
45.1505185,-94.6830533
48.3007977,-95.6183321
44.8592254,-93.1873258
48.070785,-92.3397274
46.9307923,-94.5205518
48.6610887,-96.6003205
47.3516398,-96.8286905
44.7332953,-93.9671917
45.0410747,-93.5255119
46.482991,-93.7434528
44.6102448,-93.0021557
45.4974612,-95.7967138
44.1488494,-94.494136
43.774969,-96.1994733
43.5552434,-92.0101599
43.8038471,-93.4868831
45.0425805,-93.7484094
43.650514,-93.2440944
44.5071858,-96.424213
45.0045788,-93.4768773
46.3216278,-95.4453162
45.8716237,-93.117437
45.168467,-93.6067884
48.0096622,-90.6013348
48.2276616,-92.2147404
45.8085718,-96.1433921
43.7949593,-95.3202763
48.2361642,-92.4298165
46.3255179,-95.0866937
44.6123038,-93.5195757
46.9932847,-93.5985615
46.0041301,-93.8938677
43.5280277,-96.3586467
47.6860653,-94.6327525
46.9774604,-96.2592278
45.8294041,-95.7919943
47.6432927,-91.1363648
43.7594117,-91.3465263
45.7310763,-94.4700032
44.0916351,-96.1886419
43.7607932,-93.2040929
45.8335714,-95.5411544
47.4976833,-93.367474
45.0154802,-93.5318052
46.467443,-92.3885278
45.2485722,-95.9080996
44.021352,-91.5565347
47.4826537,-93.6665779
43.9619062,-93.2760439
45.0832958,-94.6511064
46.989239,-92.1110162
43.7632995,-91.5684764
43.671444,-91.4928319
47.8387807,-89.9720411
47.1086487,-94.9166407
48.9210965,-97.0933932
43.7316215,-94.2374644
47.733255,-92.6518449
48.0552111,-91.9484965
46.6082573,-93.4154291
47.004125,-94.7269509
45.573295,-96.0475549
48.010654,-92.384258
45.49135,-92.7854919
43.6388459,-94.8708195
48.0429175,-91.8017518
44.0716301,-91.9396022
48.1941477,-96.9961813
45.1009675,-94.5046587
45.2732388,-93.2464497
45.1969058,-96.0197673
45.2277393,-96.0056019
44.3835765,-96.1836478
45.0502435,-93.1566112
48.3327553,-96.8208949
46.9831005,-92.5345999
45.148946,-94.3062116
48.2188043,-92.9159981
46.093016,-95.8175498
48.1762823,-91.0536396
46.1866144,-92.7824204
48.0425406,-90.411303
47.9610853,-90.2546609
46.8632922,-95.9817183
48.1117144,-92.3311915
43.9485746,-95.6455648
45.6091313,-94.4516668
48.0223403,-91.7234974
46.8202373,-94.5163876
48.7824785,-96.0144482
48.0490664,-91.1555782
44.2332955,-95.8722421
44.7819112,-93.0043795
47.483368,-93.6721073
48.042113,-92.6573903
48.0387597,-90.6610165
46.6896638,-92.2357481
47.0577263,-91.9661177
47.640863,-93.3789454
47.387145,-91.8287821
44.7013889,-95.4352778
48.7124737,-94.5999299
47.2379947,-93.0534454
48.2782383,-92.479324
47.7808264,-91.9441523
43.5468848,-93.5004019
47.7777061,-93.0829585
45.5582951,-96.7122913
47.7311499,-91.6668831
46.9346484,-95.6739235
47.4413506,-95.9761516
45.4530207,-95.0044608
47.5424684,-96.5303441
47.5961596,-94.8097193
44.6052358,-95.3294509
47.3407877,-94.2071805
47.158012,-94.6905545
47.4631847,-91.2417853
47.45306,-94.5874126
48.0438097,-91.8180181
44.64552,-94.96138
45.7732098,-95.3124713
46.6903183,-94.193856
45.7049602,-95.5180974
44.4096788,-95.4105611
47.6471193,-90.6748582
43.5052421,-92.944081
44.4633869,-93.1523088
44.4134916,-95.8389749
45.4180705,-96.4219614
43.5205234,-91.7695949
44.2044116,-93.815508
44.9860734,-96.1778197
43.6452456,-96.0791907
47.3152389,-95.968654
47.3252377,-95.8090479
45.0696886,-92.9516037
48.0043124,-91.0604054
46.9902181,-92.6079709
47.0129598,-92.6229566
48.1925635,-90.830672
47.320494,-93.2985356
47.5929997,-93.6907581
48.0952308,-93.9399161
45.1980556,-92.7711111
44.665544,-93.2825304
47.2990964,-92.2185155
47.324819,-92.217409
44.8321867,-93.3235584
48.358126,-96.3684744
43.6743621,-94.5510703
47.6146742,-94.067997
44.9069025,-95.4689074
45.1683178,-92.8211965
44.2730219,-92.5449085
46.5911563,-95.8572843
47.8488016,-92.0654298
47.6369051,-95.8864205
47.5127038,-92.4110144
44.823544,-94.2724202
44.6330656,-93.4144685
47.8627014,-92.9546207
47.0718839,-92.7324165
48.0279177,-91.046733
45.0352411,-93.5824586
45.1231152,-94.5273095
47.6982979,-96.1411553
47.347802,-91.2551257
43.99607,-92.33573
48.4341394,-96.1641892
45.755799,-93.6544079
45.77246,-93.63218
45.1085708,-95.9133706
44.244689,-92.295731
44.4177344,-95.5533445
46.0441295,-95.2914238
44.9090306,-93.4427377
44.9396852,-93.5766241
44.938296,-93.7177406
47.7697487,-90.7018126
47.9241227,-94.2038304
46.8133775,-92.9113596
47.6787227,-91.4312621
48.0584166,-90.3337971
47.5391678,-93.4944136
45.0003883,-93.5208711
45.2258574,-94.2340816
47.2572073,-92.3602279
44.4169049,-94.9255465
44.2271852,-93.4446652
47.558303,-94.1368129
46.0126183,-94.2684153
46.3366315,-94.646125
48.1082202,-90.2250913
43.6714701,-92.7525136
47.4535817,-95.4979701
46.5180737,-93.9383139
47.1264545,-91.9214153
45.1514902,-94.1506134
46.9874695,-92.2590501
48.0815611,-91.0555206
48.3365024,-92.4884943
47.641131,-92.6105013
46.800775,-92.3438015
46.791536,-95.8962932
45.2238494,-95.3933582
44.0221218,-95.7632753
46.0374599,-96.3081192
47.2627371,-95.6261409
47.4668581,-92.2142449
45.8894074,-95.2642005
47.1386082,-95.7908858
46.9652363,-94.8394565
44.8841292,-93.9705255
45.6302427,-94.7536231
43.8938493,-93.4938287
46.5180161,-95.3761465
48.3555288,-96.330037
48.1782987,-91.9843729
44.3498897,-94.2472977
47.5274734,-96.8150788
45.7721828,-96.0725573
48.1020284,-91.9142154
43.6742401,-95.7533869
45.8691273,-96.19756
47.3264762,-96.4552778
48.3228191,-92.248596
45.5092823,-96.4449772
45.0124657,-92.9918828
47.5948705,-94.6005218
47.4490936,-92.2529573
43.7363438,-94.4363592
44.5647222,-93.3269444
48.3159752,-92.255969
45.265222,-93.050153
44.7911111,-93.6033333
46.44806,-95.21091
44.262063,-91.920911
44.0922863,-91.7499102
43.8308907,-93.8361699
44.7460685,-95.5744641
43.802198,-93.827796
43.84056,-93.82861
45.605,-94.4763889
47.1869006,-94.5969356
44.6516293,-94.4577606
47.1511867,-92.1771552
48.2035683,-91.9646208
45.6585721,-93.1041074
44.4671868,-94.0508022
43.8066309,-91.7915382
44.267464,-93.1618787
46.7332962,-96.7448037
46.4253257,-94.3370185
47.1692281,-91.8285656
46.2643904,-92.8674224
44.423855,-92.7154737
48.5174053,-92.7065395
47.3588433,-94.2891289
47.9354159,-92.0922961
44.0044067,-93.266322
45.5734896,-94.3901567
43.9824577,-94.6283071
44.8746611,-93.6228244
45.150095,-95.1431665
45.5019088,-94.6688941
47.4282714,-92.5132158
48.9677653,-97.2250641
44.2295329,-93.5287001
47.3358381,-91.8232103
43.9857969,-92.6079598
45.3566319,-93.8194173
47.4847364,-92.3627913
48.0836669,-92.3510514
47.4636346,-95.4922937
46.7313667,-94.0391741
47.2828419,-93.0375079
46.8590852,-94.3352475
46.854629,-94.3255856
47.6758586,-92.7497108
48.382064,-92.4920381
46.5358419,-92.5526876
45.4865226,-93.5189632
47.621252,-92.5921689
47.6734194,-92.4969832
47.1353158,-91.9278854
47.2228164,-95.9111105
45.0644902,-93.6813148
44.1540001,-95.766972
43.8919078,-92.0698816
43.8052407,-92.8021304
47.429099,-92.9287995
46.7175088,-95.8817731
47.9746811,-94.6769174
47.7151809,-91.2679189
47.4665755,-91.1001584
47.6382313,-90.7543082
47.3736722,-92.4018731
46.7066099,-92.4282461
47.1380243,-91.8287185
47.1381122,-92.4028256
47.3688432,-94.4160813
45.5653777,-94.453106
47.1690201,-92.0350333
44.8715687,-93.074139
45.1725664,-93.7680075
45.4472811,-94.4768404
45.040211,-93.4329584
45.5866667,-92.9713889
47.4255348,-94.49448
45.1838322,-94.7888229
46.9932522,-92.1321259
46.0498485,-95.9701509
47.4532799,-92.7800583
46.5979991,-92.4288035
45.4813515,-92.9828692
46.8617618,-93.9416031
46.7911071,-94.5444413
47.2793374,-92.4180451
46.8290277,-92.8798197
48.3159752,-92.255969
47.329357,-92.3310359
47.9101784,-91.7804174
45.5755186,-95.2480847
48.0022714,-92.5497881
47.9057374,-91.8781987
48.0544147,-92.1490593
47.6056017,-92.7252621
44.9106821,-93.4321118
47.9153858,-91.883025
46.1081312,-93.7205341
47.750244,-94.259028
48.2411049,-92.0658329
47.71937,-91.6150819
47.6297527,-92.971678
43.9741303,-92.6399053
45.3595071,-94.0217587
43.6783006,-91.5931993
48.2030767,-92.2119569
44.9477406,-94.1335868
47.779087,-92.6562877
46.7046692,-93.2424473
44.3660744,-93.4088334
47.9610319,-91.9579485
47.868861,-96.6145083
46.4307563,-93.8307461
47.4729499,-93.2508252
47.6164995,-92.9390208
47.8741235,-94.4382911
48.2050917,-92.1616712
46.9574535,-93.7535696
46.8301691,-93.1465709
46.7794839,-92.6442324
47.6726943,-93.0201929
46.9650627,-92.3189928
45.0155226,-92.8068735
43.8926923,-94.4898625
47.9893258,-92.0323105
47.4693798,-94.6189762
47.4541357,-92.6434861
48.2141312,-92.7396519
47.4471836,-92.374113
47.5238551,-92.5436209
47.4609392,-92.3173853
47.9860365,-93.1096157
46.7873527,-92.524498
43.9238525,-92.4098945
46.5040088,-93.606602
47.4492521,-92.809999
47.8406057,-92.1325955
47.7840005,-92.1479774
47.0864589,-95.0150518
47.0429989,-95.1147939
44.7004811,-92.8657461
44.65968,-93.51829
44.2113532,-92.9321465
44.1421882,-94.0307892
44.8255199,-93.3407812
47.9920498,-91.8831028
48.2919387,-92.2499955
45.0830192,-94.1149774
44.9494101,-93.0877185
44.1377453,-93.7680062
46.8894044,-95.4130878
46.6988305,-92.2310256
47.4214325,-93.0040894
45.9244099,-94.4591722
47.7476022,-92.010432
44.4063549,-92.9279835
46.8079381,-92.3651476
44.7049953,-93.8562224
47.9456275,-92.1616888
47.4809407,-91.5528245
48.1498918,-92.7651863
47.6089732,-95.6438276
48.0535665,-90.0031369
46.869719,-94.6383562
44.9435534,-94.0326158
48.3187911,-92.2429217
46.2805201,-94.0877686
45.4952188,-96.4517707
44.8849626,-94.1991445
47.9349284,-90.7801245
47.2017282,-95.288171
47.8646211,-91.3779063
45.5219087,-93.4405108
46.971086,-92.7104507
46.6888301,-92.190192
48.036034,-91.4128335
45.524687,-94.8294561
47.2451325,-92.0869934
45.109265,-93.2291361
47.5763875,-92.9329947
47.6435843,-92.5982258
47.0691694,-92.0022885
48.3712148,-92.628751
47.6127188,-92.0836142
45.6305184,-93.306894
47.9193657,-92.1068867
46.0705186,-95.2236437
47.755387,-92.0377008
47.771873,-92.064619
45.5505184,-93.1527229
46.823828,-92.1104668
44.4719109,-93.0229887
46.38088,-94.8066
47.4166202,-94.578313
47.788702,-92.1131819
45.5805174,-93.0604963
43.9894067,-93.2263201
45.1641351,-93.7189102
48.3059652,-92.2373182
44.66108,-93.10022
46.0222431,-94.7396542
48.9636816,-97.216878
47.8902157,-90.7631217
48.1741378,-91.9530865
44.962167,-94.0366481
47.92889,-91.80139
43.8869082,-95.7036223
47.7707097,-93.9767659
44.9782982,-93.3232825
45.049425,-95.4651125
46.4042478,-94.2578484
48.0384453,-91.1797695
45.1241335,-92.8974352
43.9332971,-91.620146
48.169899,-92.1971779
45.0085738,-94.2983155
47.278413,-91.9455138
47.9256541,-92.421193
47.8833905,-92.0230229
48.4318503,-92.6765436
45.6478119,-95.5397126
45.0053874,-93.5725624
46.563295,-96.7336901
44.8763071,-93.2935072
47.9839145,-91.5906847
44.3546224,-96.0255815
48.195652,-92.2981831
47.2754144,-91.7813874
44.9469077,-93.5041214
46.2950824,-96.0286609
47.5896185,-92.4971757
45.586908,-93.4507881
43.9407964,-91.7901507
47.6996377,-91.1283695
48.2504282,-92.0685611
46.2801526,-96.4273909
45.4910732,-96.7400689
47.5157502,-92.7132965
44.7162495,-95.8683596
44.0619075,-91.6634826
48.2387256,-92.196082
47.2460312,-92.4487872
43.6805219,-91.6887574
47.3230044,-93.7854952
48.1743472,-91.0307694
47.3107911,-95.3816878
44.877073,-93.8891499
44.8830183,-93.6660714
45.4348512,-94.4840423
47.9699606,-96.6404452
45.036352,-94.2210911
44.6821579,-93.635301
47.2233118,-91.8407992
47.2863219,-92.5437997
47.4977896,-91.8910059
47.7203991,-94.5422561
47.7155103,-95.763361
47.1445295,-92.4101875
45.0299622,-94.5944371
47.5641074,-93.0467379
48.1881432,-92.0085822
47.9456942,-91.7053811
46.3810573,-92.8238121
47.6804848,-93.0482391
47.7632817,-92.8898524
47.3292312,-94.4258018
47.1580692,-93.8371775
46.136068,-93.9413596
47.2364893,-92.0688544
43.8564075,-95.0695942
47.7754372,-91.2013369
44.739407,-94.2633125
48.155575,-91.9213456
44.8707992,-93.098551
44.551912,-92.5363013
45.5469049,-92.8549364
46.4354746,-93.8100388
46.9060304,-92.4852058
47.5710812,-92.950824
47.9504073,-92.689337
46.9774031,-92.1449224
47.4832793,-93.7413194
47.6257577,-92.6285132
48.0662837,-90.5586878
47.9839413,-92.6619762
45.0032955,-95.0213934
44.074125,-94.7394256
47.5118645,-91.8357186
48.1185987,-92.872525
45.910243,-94.6436239
44.9933558,-93.3384128
47.4677461,-94.6852887
45.3988501,-95.42392
46.844015,-94.3757713
45.9260726,-95.7822915
47.228,-93.5507708
47.7216895,-91.2750223
45.2533963,-94.1931196
45.251909,-94.2144294
47.1802399,-96.2586705
47.7369087,-91.1042575
47.5224038,-90.9287645
47.3903041,-93.4583014
45.1952014,-94.8726312
48.3308639,-92.1751588
46.9230148,-95.6728174
47.8918066,-92.1059699
46.4049306,-93.8186638
44.9613241,-93.5618473
46.9956116,-95.5519444
47.7947026,-92.1351026
46.5110416,-95.7025177
46.1257657,-95.9665975
46.0444041,-96.453401
47.8324651,-96.1333742
44.1382939,-95.6652886
44.2891334,-92.1921164
47.8268598,-95.349683
46.9568836,-92.4050262
48.0990333,-92.0088996
46.7686388,-92.8148325
43.9802351,-92.2444729
44.7932238,-93.1718907
47.0856739,-92.065641
46.4760619,-93.4207945
45.1927429,-93.3360633
47.8990847,-91.4373494
48.2907141,-92.182857
47.4688754,-92.7977982
47.8637682,-95.0242557
47.2175688,-93.0484481
47.6634021,-93.6389782
47.9727924,-92.0994104
44.5033609,-93.6377794
43.8186195,-95.2149927
46.0096821,-96.3225638
44.5686928,-94.2076006
48.281566,-92.0476359
47.9644975,-91.5736612
47.821318,-93.1560126
47.7521519,-92.0271789
47.4004772,-91.7676694
47.1526709,-92.811223
47.8248393,-91.1768065
46.4471267,-95.9724215
46.1692425,-95.5649552
48.3980292,-92.6425464
48.0857516,-90.5693882
48.597751,-95.7336037
46.8955037,-96.0019872
47.8199184,-92.2901602
47.81,-92.29056
47.8915623,-91.1001245
48.0543935,-91.2898601
47.9518022,-91.0362727
44.3485771,-94.0174617
45.9531788,-96.40804
48.0589778,-91.9031878
47.6267016,-92.7806342
47.7206517,-93.8441465
47.7073649,-93.0380545
47.938812,-91.5551228
48.051469,-91.3564988
46.7540824,-95.6935654
46.5052416,-94.0183192
43.8891365,-96.2569758
48.0192614,-92.1918827
47.9648302,-92.3172887
43.8707968,-92.067937
46.6832921,-95.8544937
48.1493579,-91.038834
48.335247,-92.1933766
46.5095286,-93.9684025
47.4613133,-92.2355467
47.0634745,-94.4961064
47.6129218,-95.6690924
47.314351,-94.5593181
47.2395297,-93.1637759
44.5674636,-96.4197695
45.3339378,-93.5024489
46.9119123,-95.6948711
46.4703695,-94.1532844
46.6557494,-93.8266252
47.2973107,-93.3188666
45.9850984,-94.4824775
46.4032886,-95.7772911
46.7764232,-92.4178578
46.7970944,-92.5787088
47.0800102,-91.9507642
47.97423,-91.9330883
47.4492939,-92.2532462
46.7784347,-92.1241427
47.8526925,-91.9675056
47.6865033,-91.5736686
45.6478377,-94.7244839
47.0788502,-96.2589491
46.2852379,-95.8708852
45.2531169,-94.2605272
47.4468251,-91.6610208
47.1487368,-92.2733323
47.1751922,-95.529765
47.4696713,-93.4516165
46.6428291,-94.3025566
48.1310697,-94.7666374
44.5952453,-92.5724143
43.590017,-93.4344588
46.3503773,-94.318708
47.2121512,-92.9821378
43.9755184,-91.9548787
47.1823024,-91.9150992
44.04719,-92.09294
46.4275578,-93.9128715
43.6057967,-92.9565808
46.897821,-94.6176971
44.5033001,-92.7224199
45.9121878,-94.2449971
48.0148773,-92.1882372
46.6566256,-95.8053257
47.7576426,-92.373527
43.961906,-94.1691248
44.5149633,-93.4599494
44.5077348,-95.4163965
48.2185838,-96.4058804
46.1577132,-95.8781936
46.2630166,-95.536986
44.0632983,-92.2682241
47.5273193,-92.5383464
47.51583,-92.50694
43.964686,-92.8490804
45.7144432,-94.567148
48.4835458,-92.8380976
47.6723644,-92.1181459
45.0451291,-93.1156691
47.0955368,-94.4870179
47.0274782,-95.5831311
47.2535997,-92.2741747
44.5449677,-92.434908
47.6489284,-92.6016281
47.0703887,-95.3828197
47.1044835,-93.9615002
48.0085422,-92.0831646
45.5871855,-93.3268953
43.6057878,-93.6732767
43.8216296,-92.8771339
44.4066327,-92.9796526
48.5366969,-92.9791688
44.6312969,-94.4509559
45.7919095,-94.8050177
46.0582872,-93.2843906
48.2196257,-92.1696866
47.1471612,-91.9037513
47.389453,-92.5075668
46.8268827,-92.0374103
44.2434455,-93.8724852
47.2479798,-92.281567
47.230333,-92.292741
47.2409062,-92.2911366
44.0802418,-92.8193598
48.1514198,-94.5158888
44.404688,-92.851313
45.6763544,-94.1811028
44.4838543,-93.1429927
44.0541297,-91.6348708
46.7399551,-93.6002389
46.7354091,-93.6217194
45.0742485,-93.9714058
46.8285496,-92.0618551
47.0529962,-93.1190969
47.0192979,-94.0422733
47.5594601,-93.0325924
46.3630119,-93.6541361
47.6552844,-91.3389352
44.2149646,-91.9287717
45.4749637,-93.1241119
48.231548,-92.1353637
44.8899573,-95.6453013
46.9043898,-94.6431504
45.3473368,-94.0899486
48.4968649,-92.7426554
47.4074783,-93.0631869
47.6441238,-95.5380724
44.3013559,-92.2854536
45.1957978,-94.1349812
46.1651241,-95.1988224
47.2080135,-95.2166865
46.2948064,-95.6587342
45.1626947,-92.8381475
46.7453478,-94.0939755
46.5821231,-95.7885612
44.2649649,-91.900716
48.0858555,-90.2012885
45.5577415,-93.3891199
46.7482033,-93.6344398
45.8007975,-95.0833605
46.8041768,-94.0269091
47.9627765,-92.1771143
47.1616011,-91.8878924
43.7321864,-91.9265426
44.4646853,-93.4835606
46.7566074,-92.1471351
47.0488454,-94.3652596
45.9728929,-95.5755558
47.5968661,-93.4667121
48.1049052,-91.8740481
47.1274455,-95.7551277
48.1463208,-91.9792495
43.6622193,-93.4133413
47.2108654,-91.881634
47.5007224,-92.4211679
47.74475,-90.7515663
44.4563552,-92.7671432
45.8638491,-96.5670135
47.502215,-92.2438217
47.2130757,-92.1657703
47.5858245,-95.652403
47.9010147,-91.855976
47.3066896,-92.1292899
47.701255,-91.0208292
47.12767,-91.9326167
45.4869049,-92.7132671
43.8266246,-95.1974943
47.5741828,-94.2313644
47.8905072,-93.9668721
47.7663605,-96.6108993
45.1742178,-93.6940784
48.7683143,-94.9552199
45.8983,-95.5479157
47.1234221,-92.52163
43.5783025,-91.5790323
44.67191,-92.82631
47.6321623,-95.9762781
43.5469146,-91.5423643
44.4996864,-96.2314295
43.9599632,-91.6845923
47.2121866,-92.36446
47.2934038,-91.8341036
43.9930213,-95.942241
48.013305,-91.5313843
48.5977539,-95.4399735
46.8957929,-96.2467282
45.8796174,-95.3958987
45.4723772,-95.223194
44.8049626,-93.6880159
47.2869062,-96.0989389
46.4121642,-92.3126949
47.8788717,-91.2052758
43.6057885,-94.0077344
44.2055218,-92.4326801
45.5099624,-95.3200305
44.4599649,-93.1718821
