40.7142691,-74.0059729
40.6501038,-73.9495823
40.7576601499703,-73.91326904296875
40.7834345,-73.9662495
40.6814922,-73.8365236
40.691492,-73.8056894
42.8864468,-78.8783689
42.6525793,-73.7562317
43.0481221,-76.1474244
40.7720458,-73.9301374
43.1547845,-77.6155568
40.8167651,-73.0662203
40.9312099,-73.8987469
43.0003472,-75.4998978
40.8078786,-73.9454154
40.9114882,-73.7823549
42.0897965,-76.8077338
40.7684351,-73.7770774
40.84985217202898,-73.86640548706055
40.7267692,-73.7415208
42.8142432,-73.9395687
40.5623272,-74.1398649
43.1009031,-75.2326641
41.0339862,-73.7629097
40.7364911,-73.8779137
40.9125992,-73.8370786
43.0944999,-79.0567111
40.8501001,-73.9354149
40.7947222,-73.9425
42.0986867,-75.9179738
40.633993,-73.9968059
40.6942696,-73.9187482
42.9317335,-76.5660529
40.5778831,-73.9940279
40.7470464,-73.8601355
40.6998251,-73.8312457
43.2128473,-75.4557304
42.4406284,-76.4966071
42.0970023,-79.2353259
40.67677,-73.8437461
40.8256561,-73.6981858
41.7003713,-73.9209701
40.8006567,-73.7284647
40.7062128,-73.6187397
40.7684331,-73.5251253
42.7284117,-73.6917851
40.7003793,-73.5929056
40.6642699,-73.7084645
40.6053824,-73.7551325
40.7653796,-73.8173564
41.4459271,-74.4229341
41.5034271,-74.0104179
40.6667702,-73.8823583
40.7292688,-73.9873613
40.7902778,-73.9597222
40.7760683,-73.8726899
40.6398262,-73.7787443
42.9386856,-74.1881858
41.4987362,-74.1004499
40.8584316,-73.0995539
41.1131514,-74.0437521
42.7300784,-73.7012299
40.6564913,-73.6092953
42.9981156,-78.1875167
40.7250986,-73.2453946
41.5048159,-73.9695832
40.6017715,-73.9940279
40.7442664,-73.4820687
40.7812093,-73.2462273
40.6609369,-73.9201371
42.978391,-78.7997559
40.643715,-73.9006921
40.7906538,-73.2017811
42.9033917,-78.7547536
40.7876014,-73.8459682
40.8428759,-73.2928943
40.6814892,-73.3998445
40.8687097,-73.0014946
42.1428521,-77.0546903
40.6770477,-73.8912474
40.7264913,-73.8526352
40.7001028,-73.9056922
40.6587138,-73.6412406
40.6620479,-73.7354097
43.0831301,-73.7845651
40.8014876,-72.8676033
40.8559314,-73.2006687
40.884267,-72.3895296
40.66312,-73.76221
40.9256538,-73.140943
43.2133955,-77.5797226
43.20684,-77.5284117
40.7556574,-73.8854139
40.7920441,-73.5398476
41.9270367,-73.9973608
44.27962,-73.98198
40.7259336,-73.5142921
40.6867667,-73.3734547
40.76289,-73.73225
43.106456,-76.2177046
43.1706128,-78.6903098
40.5884374,-73.657908
40.7448241,-73.9487491
43.038668,-78.8642034
40.6387141,-73.6401296
44.6942291,-75.4863364
42.077565,-78.4297419
43.0925684,-75.6512931
43.2031992,-75.9098444
42.4528571,-75.0637746
43.5404707,-77.4637257
41.1628731,-73.8615246
40.8389893,-73.8604128
41.0589855,-74.0218063
40.7764882,-73.4673455
44.6994873,-73.4529124
41.0017643,-73.6656834
41.3750937,-74.692663
40.7267682,-73.6342955
40.8623217,-73.6337389
43.3095164,-73.6440058
43.0528506,-74.3437467
41.032875,-73.842912
40.8256537,-73.2026138
41.1975947,-73.9645837
40.8123205,-73.078443
40.8153762,-73.0451085
40.6578815,-73.8362459
40.868154,-73.425676
40.8534318,-73.4115091
40.8262101,-73.502068
41.0762077,-73.8587461
43.0203347,-78.880315
44.1670049,-74.5379487
40.8978772,-73.8523569
43.9747838,-75.9107565
42.6831344,-73.7784543
40.718155,-73.3542871
40.7062104,-73.3062302
41.3914827,-73.9559721
40.7945457,-73.8184674
40.6892698,-73.8579131
40.7453798,-73.9054145
40.7539878,-73.360398
40.7617653,-73.3292858
42.4795019,-79.3339324
40.7612129,-73.8651356
40.6537148,-73.9304151
40.7139898,-73.5590157
40.700936,-73.712909
42.098408,-76.0493684
40.7325997,-73.4454009
40.6520481,-73.959027
40.7237133,-73.7048532
40.8592667,-73.8984694
40.7162137,-73.8501352
40.7073244,-73.6759635
42.4400576,-79.3317105
40.6576022,-73.5831835
40.7348246,-73.7934668
43.3228462,-76.4171585
40.9487097,-73.7326309
40.723158,-73.912637
42.9028547,-73.6873405
40.7934322,-73.4151214
40.6628796,-73.551516
41.0887073,-74.013473
40.70935,-73.81529
40.64548,-74.012412
40.7067692,-74.0112509
40.7031582,-74.0156954
40.7823234,-73.9654161
40.81,-73.9625
41.4767605,-74.0237519
40.7742747,-73.9698104
41.1475954,-73.9893061
40.7351019,-73.6879082
40.7287132,-73.9959727
44.6697805,-74.9813084
41.1148179,-74.1495889
41.4542605,-74.0576423
41.4278716,-74.1659798
41.0145418,-73.872635
41.1112069,-74.0684751
41.2042616,-73.7270761
42.2084081,-75.9790885
40.577883,-73.9595826
40.8176864,-72.8703241
44.3802455,-74.2048295
42.7481335,-73.8023432
41.1264849,-73.7140195
40.591216,-73.7959669
42.2414237,-78.3730803
42.4933908,-79.2717085
42.1694693,-79.4038437
42.7742446,-73.7001187
42.5708997,-77.7124956
40.7287107,-73.4129
40.827616,-73.1224652
40.9806536,-73.6837399
40.9978773,-72.2925819
40.8789871,-73.1567778
42.851818,-73.920677
40.7559352,-73.8479128
40.5912161,-73.9445822
41.2295386,-73.9870847
41.7014906,-74.7996657
42.1156308,-75.9588092
40.7142694,-73.8309679
44.2650739,-73.9673285
42.7470225,-73.7590088
42.5672535,-75.5265246
43.0434039,-74.8595958
40.7899189,-73.097645
44.6784324,-75.4759732
43.0891802,-76.2103857
41.5135758,-74.2604351
43.4553461,-76.5104973
40.6701033,-73.9859723
41.2900939,-73.9204158
41.4553716,-73.9884729
42.8689552,-76.9777436
43.6019166,-73.5794567
40.7014917,-73.8868028
43.033112,-78.9625405
40.5976048,-73.9651383
42.9403361,-78.7316975
41.308427,-74.1445899
40.9689871,-73.71263
40.7134361,-73.7670772
40.8437106,-72.6312059
43.3420249,-73.6052166
43.9917249,-76.0213144
42.1095122,-77.9916704
41.0670412,-73.7070745
41.624479,-73.8825821
40.9615884,-72.2485226
42.1597968,-76.8910711
41.7320362,-74.6012711
40.6212155,-73.9348597
40.6187154,-74.0331957
40.6548253,-73.6717969
40.6806564,-73.4742914
44.9281049,-74.891865
40.7164915,-73.8812472
41.3306493,-74.1868136
41.0764906,-71.9200689
40.9470432,-73.0295495
43.0467301,-77.0952516
43.1014422,-78.9411683
40.730023,-73.823404
42.4908333333333,-76.4583333333333
42.15,-79.2666666666667
44.65,-73.4666666666667
43.118866,-77.672389
43.111187,-76.106311
43.5009176,-70.4428286
43.4925843,-70.4533844
40.8528779,-73.9376373
40.7145495,-74.0043289
40.7133333,-73.9986111
40.7109358,-73.9781943
40.768157,-73.994028
40.7978787,-73.974583
40.7626016,-73.9493046
40.7751014,-73.9434711
40.7148246,-73.9895836
40.7064915,-74.003195
40.7337131,-73.9843056
40.8656555,-73.9268035
40.8700998,-73.9190255
40.7692682,-73.9490267
40.6901028,-74.0451407
40.6889918,-74.0190287
40.7381575,-73.9862502
40.704547,-74.0093063
40.796556,-73.9519319
40.76496,-73.9909
40.6967694,-74.0281957
40.7264911,-73.9818055
40.7170467,-74.0120842
40.7309354,-73.9976394
40.7170467,-74.0093063
40.7023248,-74.0154176
40.7214081,-73.96206910000001
40.7073119,-74.0102564
40.7142691,-74.0029172
40.8620443,-73.9318037
40.8064897,-73.9581935
40.8042676,-73.9434709
40.7241667,-73.9922222
40.7483333,-73.9697222
40.7372222,-74.0052778
40.7313889,-74.0008333
40.7252778,-74.0025
40.7111111,-74.0041667
40.8130556,-73.9622222
40.7375,-73.9861111
40.7166667,-74.0155556
40.7216667,-73.9975
40.6916423,-74.0167076
40.7716667,-73.9830556
40.7986111,-73.9733333
40.7791667,-73.9816667
40.8016667,-73.9683333
40.8197222,-73.9508333
40.8255556,-73.9566667
40.7363889,-74.0013889
40.7225,-74.0058333
40.7583333,-73.9858333
40.7602778,-73.9758333
40.7644444,-73.9736111
40.7222222,-73.9872222
40.7755556,-73.9747222
40.7536111,-73.9841667
40.7219444,-74.0061111
40.8513889,-73.8783333
43.286723,-78.7103119
40.6956552,-73.3256753
40.6687125,-73.5270709
41.1545395,-74.192924
42.9047884,-76.8627368
43.6953502,-75.2743755
40.6745478,-73.7859666
43.1586786,-76.3327095
40.6203822,-73.9068033
41.4098809,-74.5512823
40.7692649,-73.1151118
43.2381242,-76.1407575
41.3973163,-73.6170721
41.1456512,-73.8237456
40.9378777,-72.3009158
43.1475626,-77.5505543
40.8567668,-73.8754132
40.9381544,-73.8320784
40.7792653,-72.9153827
40.591216,-73.9106923
43.040622,-76.1838144
40.7028806,-73.9240261
40.6987138,-73.9906947
42.9731175,-77.852785
40.9064873,-72.7434331
43.0208924,-78.4953015
41.0323156,-72.2299628
44.3358836,-75.9177309
40.6789893,-73.4170673
40.8837165,-72.9317146
40.7784347,-73.9229149
42.2603648,-73.8095707
42.7172193,-77.5689109
42.8742314,-77.2880382
40.6414889,-73.2603959
41.4586159,-73.664974
43.9781236,-75.6093591
41.3317605,-74.120978
41.5654033,-74.069198
42.3642517,-73.5948391
41.3625937,-74.2712613
42.9767255,-78.5919709
43.0106139,-78.6375283
43.0484029,-75.3785034
43.0470078,-77.0752505
44.3429306,-74.1532784
41.4200938,-73.9545831
40.8714873,-73.456788
42.2938999,-73.7120385
42.7345295,-77.7114314
42.6284848,-74.8916307
42.6011813,-76.1804843
43.1240746,-76.4794158
40.8387115,-73.8951361
40.7359357,-73.7687439
41.0409305,-73.7145746
40.657494,-73.8387531
43.3772932,-73.6131714
43.8110801,-74.7985417
40.6776031,-74.0084729
42.6425795,-73.742898
40.8939875,-72.8959364
40.9525987,-72.9253805
40.8153761,-73.112333
40.678713,-73.5890168
40.5556605,-74.2134778
44.993928,-73.3648557
43.9461707,-76.1190929
44.3814557,-74.314814
42.7242363,-76.9019047
40.7359317,-73.0820556
41.0050977,-73.7845768
43.1000755,-73.5817825
43.0258957,-77.7452826
40.8489887,-73.6448505
40.6659344,-73.4881809
40.8664874,-73.0356625
42.6128628,-76.9182833
41.9734258,-74.2120901
42.3148024,-75.3915665
42.3038157,-75.4156511
41.085652,-73.8584684
43.2527248,-76.9574067
44.4163215,-74.272961
42.6534131,-73.4212223
40.6623259,-73.7615215
40.8812107,-73.9173588
42.4611838,-76.5041073
41.4325938,-74.0001401
40.9404609,-72.6852404
41.0392201,-73.8682332
40.7298207,-73.2103934
40.6148267,-73.8418015
40.9495443,-72.5814801
40.7203803,-73.8806915
44.5050479,-73.4801348
40.8787108,-73.9051362
40.886209,-73.2573369
41.3420381,-74.1679241
40.7448244,-73.8043004
44.2944844,-74.1581044
44.5177599,-74.1142331
42.8256142,-78.8233664
40.8528761,-73.1151102
42.9006144,-78.6703063
40.9278769,-73.7517983
40.67019,-73.74659
44.0026512,-74.7541822
42.9047857,-77.611387
42.6445852,-73.4830887
40.8759324,-73.5970707
43.9966389,-74.3962004
43.6787236,-73.8557281
40.7164881,-73.3217861
40.9009313,-73.3431727
43.2256274,-74.1720768
44.7514452,-74.9943641
42.16056,-74.2032365
43.0658926,-78.269742
40.7887113,-73.5995717
42.521717,-75.0667134
41.4021351,-74.3055651
41.5488462,-74.103669
44.2815824,-74.1329136
41.4734268,-74.5384933
43.0639521,-77.2333154
40.7656539,-73.0151084
41.5620381,-73.6026271
41.3397346,-73.8823692
40.8656557,-73.8079112
41.0420414,-73.918192
41.6081492,-74.2990402
41.6175936,-74.075976
43.1883353,-74.5998409
43.4787659,-74.376912
41.1328736,-73.7926335
40.9464875,-73.0692732
40.6626035,-73.9690273
40.6362152,-73.851524
40.9390726,-72.2291222
40.6334341,-73.3506767
41.2934277,-73.6767966
41.394816,-74.3268191
42.4631167,-78.9358681
40.6739922,-73.9698607
40.6248259,-74.1484765
40.5542718,-74.1515318
43.0513738,-75.9658865
40.8689871,-73.3651185
40.7237134,-73.9509714
41.1034326,-72.3592501
41.2225942,-74.294317
42.7158927,-78.8294768
40.8689892,-72.5175893
44.612282,-74.9710304
41.1073184,-73.7959667
40.7084321,-73.1659476
40.6431591,-73.6956865
43.0259598,-76.1686509
41.3692605,-73.9662504
41.3470382,-74.126256
40.7078807,-73.7868
41.6176129,-73.7968795
42.9522855,-77.5902759
42.3278477,-77.6611025
43.3006281,-73.5859487
41.4478716,-73.96625
40.8126008,-73.8840247
41.7848155,-73.9331924
42.5314045,-73.5219427
40.658434,-73.395678
41.9613809,-73.6782423
41.1234293,-73.7790218
43.8486707,-73.4234531
40.8495446,-73.9056919
42.5422939,-76.6660589
41.1934278,-74.1843129
42.3253586,-75.3123969
40.8601,-73.909303
43.8338856,-74.5187746
41.0748189,-73.7751326
40.8978772,-73.8834689
41.5612048,-74.1884806
41.6056492,-74.1840358
40.6837121,-73.5101258
41.5964825,-73.91097
41.256483,-74.3598755
41.7589823,-74.357375
44.2835639,-74.2804896
41.2095389,-73.9854177
40.7048242,-73.6501295
41.096485,-73.9729162
42.8500585,-78.7997547
40.7556561,-73.5876273
43.0435723,-76.2014705
42.32228,-79.5781027
41.5582917,-73.6627209
43.1197776,-79.0642117
43.5556231,-73.4037234
41.2821523,-74.2947618
40.8944119,-72.6746302
40.9609315,-72.7959342
40.7142692,-73.9534714
40.6023263,-74.1584767
41.3645382,-74.1059775
43.0271075,-76.176948
40.6320482,-73.7126314
42.0409247,-74.1181971
41.5767603,-74.4871031
42.9039476,-78.6922515
40.8048207,-73.3362298
43.1009037,-74.772927
40.768713,-73.7470765
41.5062049,-74.0173627
43.8469884,-74.4795673
42.7678376,-78.6133589
40.9634335,-72.184801
40.7320429,-73.1856703
40.8767648,-73.3245614
40.8453781,-73.8909693
42.1170188,-76.8171786
41.0550969,-73.8201338
42.1128526,-76.021034
40.8312096,-73.029552
40.8128787,-73.8334678
42.8334002,-76.9999669
41.5356492,-73.8990252
40.9635191,-73.1401815
41.3317607,-74.35682
44.3144959,-74.1259884
40.5845494,-73.8840249
40.7401022,-73.8406904
40.7034362,-73.8504129
40.6914918,-73.9754164
41.3314828,-73.9868067
40.8873217,-73.9015249
41.3808412,-73.7391186
40.7978787,-73.6995749
43.0020107,-75.9768632
40.8737096,-72.8078791
40.6803785,-73.4551241
40.8020431,-72.8409359
40.7667655,-72.8520476
41.4839827,-74.2176487
44.5620321,-74.2864713
40.8175985,-73.0001068
43.2200583,-78.3869685
40.824545,-73.9104143
40.8842653,-72.9373262
40.5684384,-74.0993083
40.9598212,-72.9962148
40.7492678,-73.6406845
44.2905687,-73.9806847
41.0359353,-71.9545146
41.5275938,-74.236816
42.3472958,-76.8452351
40.8523224,-73.8534682
42.7256184,-77.8741695
43.1065,-74.3699776
43.3394416,-74.217947
40.8520426,-73.1540004
44.00034,-74.1143159
42.43296,-74.4631
40.8094444,-73.8563889
40.7608333,-73.9113889
40.7538889,-73.8894444
40.7463889,-73.9091667
40.8175,-73.8811111
40.6122222,-74.0308333
40.6686111,-73.9188889
40.6922222,-73.9388889
40.7002913,-73.99669949999998
42.9419444,-76.5847222
42.444,-76.4787
42.4443,-76.48053
40.5161111,-74.2263889
40.4972222,-74.2491667
41.5391667,-74.2686111
40.6827778,-73.9486111
40.6855556,-73.9858333
40.66143,-73.97035
40.6916667,-73.9755556
40.6716667,-73.9666667
40.6266667,-74.0766667
40.7688889,-73.9363889
40.7455077,-73.95874850000001
40.7463889,-73.8452778
40.9219444,-72.8661111
40.8544444,-73.9208333
40.9204478,-72.7938842
42.215303,-73.177256
40.6343928,-73.9502687
40.7023248,-74.0098619
43.4292263,-70.6701471
40.8089897,-73.9612492
40.7612126,-73.9770832
43.439249,-70.7742246
43.4005435,-70.7104699
43.3617527,-70.4767181
43.5173066,-70.3775496
40.7053804,-73.9962504
40.7284354,-74.0029173
40.7795457,-73.962916
43.1053475,-75.2912778
40.7062137,-74.0073618
40.7651015,-73.9798611
40.75175779999999,-73.9755189
40.7967677,-73.9220815
40.7626016,-73.9548603
40.7589905,-73.9790277
40.7453796,-73.9740275
40.72241277154438,-73.99961471557617
40.6889917,-74.0443072
40.7209356,-73.9959726
40.7834345,-73.9384709
40.757046,-73.9859724
40.7120468,-74.008473
40.7162135,-73.9820833
40.7487128,-73.9859724
40.7078804,-73.9909725
40.8305556,-73.9380556
40.7514,-73.9759
40.71291489723402,-74.01327252388
40.8680673,-97.5919955
43.171477,-70.6089411
43.1367551,-70.6456078
43.073403,-75.2876661
43.4797914,-76.3152105
41.7475933,-74.0868095
42.4639722,-73.3964977
41.1498175,-74.0337521
42.4461934,-73.7884568
42.6242404,-75.33156
42.5878535,-75.1840544
40.7431574,-73.6931861
40.5739938,-74.1159755
40.5934376,-74.163199
41.13955849641384,-74.02941942214966
40.7533333,-73.9827778
40.7589892,-73.5695712
40.5653829,-74.1029195
40.9914896,-72.475919
42.8484003,-75.8543591
42.83534,-77.878894
42.8283957,-77.8508375
42.2756225,-78.2264021
40.6953806,-73.9937503
42.3292287,-78.8680903
43.0278475,-75.2715534
41.1595399,-73.764855
43.0186858,-74.0315162
42.653967,-73.9287366
43.0500697,-75.2729427
40.9414876,-73.7990218
42.5778571,-73.8787363
41.1923171,-73.7973562
43.3164449,-78.7139235
41.1009293,-74.1162544
43.3275563,-78.6480878
44.5956163,-75.1690942
41.084263,-74.0556966
44.5531171,-74.9396405
43.2478467,-76.0001965
43.1722983,-73.3276101
42.4073024,-74.614318
41.1212068,-74.0670862
42.2403646,-74.3654253
43.3378336,-78.7147571
43.3220756,-78.7232077
41.5398159,-74.0981992
41.1670394,-74.043197
41.7209267,-73.9601382
41.1239845,-74.1693119
41.1278734,-74.0409743
42.3714704,-74.6704311
41.9245368,-74.0612519
41.1112069,-74.099865
41.1364844,-74.0823647
41.1592618,-74.0698645
42.2084208,-74.3865374
40.8296426,-73.9261745
42.3995257,-74.1723608
42.4106396,-73.5245579
42.2747814,-74.3938203
41.1359287,-74.118477
42.7900646,-77.5169374
44.7653395,-75.4004977
42.2839739,-74.5648747
43.039233,-76.3040965
43.0842314,-76.8694049
43.2825686,-76.2704851
43.3270136,-75.1868318
42.9958962,-77.6455564
41.3909274,-74.4765471
42.5678449,-77.5897139
42.9120072,-77.7455584
41.7063619,-74.2901279
42.2934131,-75.4793477
40.9562092,-72.7442665
40.6395471,-73.6084621
42.9388878,-73.857884
43.0009087,-73.8490111
41.5348159,-74.0148626
41.1095403,-73.9962505
43.3300567,-78.5547512
43.2722916,-75.1898871
44.4719185,-74.8047317
40.604548,-73.6440187
41.4341348,-73.7407617
41.4775904,-74.911
42.042852,-76.4485515
42.3370164,-77.3177577
43.3622907,-76.4366041
40.633159,-73.6704081
40.8348225,-73.6954078
40.7500985,-73.2912293
40.7384317,-73.0506656
40.7603867,-73.0521227
40.9106541,-73.562069
41.296205,-73.9998629
42.040647,-74.1551429
43.8870133,-75.4274083
42.9670013,-78.9497613
43.2526982,-75.6028351
41.204262,-73.6437397
41.2367613,-73.6945751
41.2942606,-73.9040264
42.3428443,-78.1113975
40.7139917,-73.7540212
40.5759385,-73.8481906
40.724269,-73.7151313
40.7206581,-73.7259649
43.7833992,-76.1193694
40.7570429,-72.9392727
42.757013,-77.0146893
41.2503717,-74.3107068
42.2231241,-78.0344506
40.7214881,-73.3340086
42.1617242,-79.3917144
43.0853387,-77.9422336
42.3042403,-76.1865965
42.6931351,-73.3720549
42.6253546,-74.1334647
41.6834224,-74.8712753
40.7462106,-73.4573457
42.6483813,-73.4880086
44.0685761,-74.8387094
42.1372967,-76.9369067
43.8309301,-74.8482586
41.0780872,-71.9101366
42.7842264,-78.6264151
43.073395,-77.807785
44.4761711,-75.6368985
44.0125639,-75.7943671
42.797281,-78.8233661
41.0634299,-73.9576378
41.0742632,-73.9381928
42.5684039,-76.1257608
41.4092605,-74.1951475
41.5542603,-74.4396014
44.4078279,-74.0870965
42.3334161,-74.8076575
43.8622336,-74.4571011
40.7439872,-73.0345539
44.0481167,-74.7685131
42.0050923,-74.2659804
42.0667332,-78.1677879
44.9389348,-74.5676877
43.5572898,-73.6548408
43.4836801,-75.3365607
42.6289495,-78.7375289
42.8892358,-75.5512901
42.9383918,-78.6847515
43.3003387,-77.7097284
42.3711837,-77.1088596
42.4959149,-73.5120564
42.5986805,-77.1538624
42.5883931,-79.017815
43.6764553,-73.7495703
44.8075536,-74.773803
42.173408,-76.733841
40.5564945,-73.9262483
41.423983,-73.6042939
43.1553457,-75.9693622
42.8792376,-75.2509971
40.7209321,-73.2673399
41.5439824,-73.8681909
40.6031603,-73.820412
43.0586846,-74.1965206
43.2136713,-77.9391797
42.3886688,-79.4411573
40.8273195113456,-73.9235687255859
42.8128488,-75.3176677
40.6243376,-74.1203948
42.3806287,-76.3946593
40.8131553,-73.5673482
42.1602172,-75.8196184
44.0070026,-75.9840923
44.8303288,-74.5135123
41.2620383,-73.9381943
43.0600561,-78.9811526
41.5442604,-74.3615429
42.4200726,-76.8488463
44.9047681,-74.1693397
42.7453504,-75.1829401
44.1622715,-76.2641052
42.4111841,-76.5129969
43.0797824,-78.0639037
42.0092013,-74.9447073
42.2989749,-73.9984659
44.0217286,-75.8460356
41.7673105,-75.0562785
40.6945474,-73.7384653
43.0281329,-73.3812231
43.3345138,-75.747964
42.199239,-77.4063715
40.6534352,-73.5504049
41.7856489,-74.2290366
43.8092321,-76.0240892
43.1975608,-77.853899
43.8600635,-76.0054785
42.1028514,-77.2335879
42.228136,-75.5265715
43.0223866,-78.4833075
42.6001764,-73.9735586
40.7734341,-73.6431844
43.2464477,-78.193632
43.0964478,-78.3908559
42.4686918,-73.9256839
42.9000596,-78.4919671
42.0491755,-74.6763205
42.9011711,-78.2566834
42.2542366,-77.7905509
44.1436636,-73.9865357
42.0900647,-78.4941887
42.2573931,-78.0275627
42.1583964,-78.7497546
42.0125667,-78.0577834
42.3222916,-77.738327
42.8553542,-73.8990122
42.7006324,-74.0337382
43.5100703,-76.002142
43.2111765,-76.9805232
44.8883722,-73.6556985
40.9737117,-72.1436884
41.8492599,-73.5567919
42.0506467,-73.6362361
42.1886976,-74.7857138
42.1564581,-77.7955509
42.3067345,-78.0158388
42.6547811,-79.0489273
42.6383925,-79.0278156
44.0747832,-74.3754404
44.1992272,-75.6068791
42.0695189,-76.1546504
40.9445438,-72.6270382
43.1920063,-77.6575032
42.5339513,-78.4230737
43.0361775,-76.1363129
41.2745381,-74.1529235
41.0106531,-73.8437452
43.2378519,-73.4915018
43.2553736,-73.4710053
42.3945133,-77.6966596
42.1478659,-74.6198771
41.6959269,-73.8968025
42.3036956,-74.3334789
41.969627,-74.1859528
42.096446,-79.3756044
42.769781,-78.8664229
40.5889936,-73.7290207
42.8642267,-78.2802946
44.4586641,-73.4991687
42.9747916,-75.5012871
42.7539591,-76.7024485
42.9295183,-74.3165222
42.3117536,-73.4731684
43.4189585,-75.4793436
44.1331523,-73.9667666
42.6339685,-73.5537257
42.4095147,-77.4213729
42.2331295,-77.1974748
42.4120287,-73.4470553
42.8151404,-75.0062334
42.9056288,-74.5718073
42.9079245,-77.3198433
42.7781052,-77.3050037
42.4614564,-77.7769405
43.0795121,-75.7507413
42.2328518,-76.3424357
42.3864543,-78.1536209
42.2703487,-77.6058225
44.3061574,-76.074672
41.4614824,-73.8331901
44.1278299,-76.3330006
40.7526008,-73.6104058
42.7570191,-74.4456909
41.4300937,-73.6801297
43.1330793,-74.4896917
43.9486054,-74.5989063
42.3442247,-79.309489
42.9459036,-75.2543302
42.6289515,-78.0544514
42.5184143,-73.7512325
43.8884026,-75.5112979
42.3686844,-76.8510687
43.1681226,-76.5729987
42.2173102,-73.8645734
42.2503644,-74.249866
42.2486317,-78.6788524
43.0103267,-76.5743582
42.9189555,-76.7263397
42.4601,-76.48776
42.5817129,-76.6349153
42.8984003,-76.7552301
42.2817412,-76.6968945
42.9300668,-75.8526915
42.3670145,-76.7354042
42.9481961,-75.8719807
44.4495009,-75.7905158
44.2031031,-76.195217
40.6228819,-73.7242983
42.1095021,-79.2831039
40.8003767,-72.7898233
40.885376,-73.3762297
42.4797854,-78.2497346
42.7111862,-74.3387443
43.2867356,-76.1460357
42.5681176,-78.4789091
44.9864273,-73.4465251
42.5453541,-74.664594
44.8489423,-75.0807625
44.9264337,-74.0796081
44.0669987,-76.1302089
42.302941,-79.4057576
42.2097798,-79.466714
44.889762,-73.4359687
41.5537048,-73.9668053
42.0084073,-76.6238369
42.1412474,-76.760026
42.1667426,-75.8624167
42.4935106,-75.6115785
42.2356313,-75.8482503
42.2128537,-75.8407497
42.2945042,-79.0997635
42.7956295,-74.7532018
43.6525664,-73.8009597
42.7139486,-78.762808
42.1017567,-74.3093139
43.0450671,-75.86658
42.9834,-75.847135
41.772725,-73.9838482
43.1042278,-77.8844543
44.9539315,-73.9315417
43.1756235,-76.1193678
43.1439566,-76.0371427
41.5142604,-74.3834883
42.5422923,-75.8957534
43.193393,-78.0647387
43.0922918,-75.379615
42.99774,-76.09423
43.2331158,-77.9275129
40.80556,-73.84917
42.2250876,-73.7345686
43.1859013,-76.1724254
44.239491,-76.0857759
42.98007,-75.2509966
44.4940581,-74.3056116
43.2403467,-75.8838027
40.7109359,-73.9109702
40.6201041,-74.0770857
42.8656325,-73.7709535
42.9617304,-77.1399757
42.3659174,-73.85096
44.7462266,-73.6781745
41.6948156,-74.0512528
44.1067207,-73.9351435
42.0208881,-79.6300504
42.677853,-74.4854172
41.7059217,-75.0604458
42.4739705,-73.7923456
42.5022907,-77.5072102
41.2390885,-73.8696121
43.2417356,-75.0387702
42.6442273,-78.6847495
44.1228813,-73.9793046
42.49645,-78.9205893
44.8917195,-75.1399343
42.4936725,-78.8514207
42.7178558,-73.8334554
42.2500832,-73.6318482
44.1102872,-74.7509979
42.8892256,-78.6583614
43.4572922,-73.4415004
42.7189532,-77.6763859
41.150651,-73.9454159
42.0342437,-75.803801
44.9292125,-74.2971311
43.566736,-75.4285106
44.4247588,-73.8489156
42.70048,-74.92426
42.1195347,-73.5251198
43.8934013,-75.6735259
40.6648226,-73.375955
42.1034238,-73.5501211
42.9600595,-78.4055767
43.2445168,-73.8323447
42.4470171,-76.4829955
41.444816,-74.0156961
42.3681382,-74.1581939
42.5950073,-76.0702669
43.2063385,-73.4230469
41.8514817,-74.1020872
42.9150763,-73.8051211
42.3509179,-73.8029028
41.6734269,-74.3854321
44.2225615,-74.8362986
42.1748115,-73.5828976
41.6011227,-74.7568486
42.9461705,-78.4847451
43.895902,-75.3924084
41.2950939,-73.8654141
44.343985,-74.738445
40.5351056,-74.139587
42.7489669,-73.5573377
43.5017497,-73.5867441
41.22565,-73.8570805
41.3473164,-73.6609626
41.1798172,-73.8948591
41.1823172,-73.8931924
41.2084279,-73.8912481
43.9503352,-73.4370667
41.6373158,-73.9379152
41.2334275,-73.9226383
43.8290439,-76.1268903
42.6400669,-73.5553357
42.2175668,-78.2752927
44.7072653,-73.3937447
44.7164317,-73.4026338
41.0106563,-72.4850859
44.7214301,-73.7237529
42.5609,-77.696106
42.9011709,-78.3886312
44.4522778,-75.8121833
42.4717451,-74.8446009
42.4481351,-74.9190477
40.8834331,-73.7698546
42.4170054,-78.9769811
44.5050607,-75.273822
44.5525616,-75.4354988
41.5209584,-74.8393526
43.0350665,-76.0654773
41.8556485,-73.8829124
42.9950695,-75.4285054
43.5670136,-76.1277027
42.5250703,-77.167196
43.2797862,-77.1860929
41.3259276,-73.6551292
41.4266616,-73.7495141
41.4620384,-73.5462365
43.8350602,-73.5798462
41.3359272,-73.8740252
42.7347977,-74.1862394
42.407182,-73.4146645
40.8231553,-72.6095384
41.4311557,-74.3934528
42.162005,-78.9753174
43.2386666,-78.9097634
43.0983912,-78.6408628
43.8400927,-74.6378079
43.8131196,-74.6573899
42.4684148,-73.8162354
44.8381078,-74.9779795
43.247289,-76.7235636
41.9950919,-73.8754114
41.6556492,-73.8748574
43.5331257,-75.8215792
44.6083776,-73.8043096
44.3008875,-75.8013388
40.8075991,-72.7087094
42.7110547,-73.5097151
44.5920057,-75.3191024
42.6975782,-73.8340111
42.5161888,-74.1379131
42.8531321,-73.8879008
41.9267591,-73.9126354
41.9195368,-73.951248
42.0884,-78.153343
42.8534057,-74.9854335
42.3556287,-76.2007636
43.5695139,-76.0476996
42.6342422,-74.5640324
44.4172835,-75.391882
41.8375928,-74.0373627
42.2670023,-79.7106019
43.6617324,-73.8970736
40.90056,-73.90639
40.9170435,-72.6620402
40.8812102,-72.6778744
42.3995175,-76.5768887
40.6231559,-73.2598405
42.1184107,-73.5561421
43.0620189,-73.9170688
41.6259256,-74.5976603
41.1524303,-74.0240911
41.1385608,-73.9227776
41.13954,-73.921804
43.851176,-75.9407545
42.6950785,-73.807066
42.752292,-76.8335672
41.9203702,-73.962915
44.9728277,-74.7310168
41.9331441,-74.9134961
43.1536764,-76.8785724
42.7417411,-74.7765361
40.7998227,-73.6509622
40.7942674,-73.6604069
40.8164891,-73.6370727
40.7887117,-73.6473511
42.7870209,-73.9709583
42.9386872,-73.7898429
41.8439818,-74.0820865
43.1813975,-78.5625699
42.3922869,-78.2536243
42.7600665,-77.226367
44.4295059,-75.1499264
41.0192641,-73.6834621
41.6258199,-74.740207
40.9253776,-72.2781375
40.9106104,-72.291164
44.5006173,-75.1163146
42.1578412,-78.7150311
40.745656,-73.5601266
41.8067601,-73.7931869
43.136723,-78.8847611
42.6373017,-73.5406697
40.8517669,-73.718742
40.8376004,-73.7156863
43.6442352,-76.0860345
42.9139589,-75.3790591
40.6753779,-73.3523431
44.6514318,-73.7434754
44.329496,-74.1312662
43.1073812,-73.8639046
43.046545,-73.8608989
43.0166901,-73.741492
42.9983364,-73.6299011
42.5411733,-78.5080766
42.0775906,-73.9529126
43.0042365,-75.2598859
43.0672874,-76.7596759
42.2886844,-77.2183091
42.9000773,-73.5853939
42.8181212,-74.0585726
42.5489657,-74.8209875
42.6659088,-74.3095787
42.5882193,-74.4421176
43.7803421,-73.7779075
43.8386732,-73.7609635
43.8602263,-73.7425175
42.3938,-76.8751817
44.6286553,-73.5579148
42.7803509,-75.0279352
42.1714573,-77.9786147
41.4814827,-74.3601541
42.8264652,-73.9642915
40.7748231,-73.6556848
42.5323027,-73.7984563
42.7810814,-76.8237786
42.910622,-76.7966215
43.1200671,-76.2863184
42.8725664,-76.9455194
40.6903772,-73.2928965
42.1200896,-74.3954274
42.7959074,-74.617086
41.7248156,-74.2045917
41.0645437,-72.3328604
41.0681549,-72.3386939
41.0839883,-72.3559166
41.3317606,-73.7381876
42.6781266,-75.4985123
42.488391,-79.2372634
42.1592235,-79.5953258
43.0736798,-75.5982354
40.8909338,-72.4636982
40.9573208,-72.9076025
42.955897,-77.2208134
41.3275939,-73.8195791
43.0903546,-73.3428885
43.6964519,-73.5056735
42.5442251,-79.1667066
44.2268915,-74.8265601
42.7017287,-78.0219511
42.6789509,-78.0566741
42.6606177,-78.0855638
44.1964444,-74.4499371
42.2639472,-79.2586563
42.947011,-76.4291017
42.9931214,-76.4560472
41.7073496,-73.7348135
41.98458,-73.83597
42.6292455,-73.8645685
42.8933916,-78.7939216
41.6653673,-74.8193301
40.9450986,-73.8837465
42.3950725,-75.8079721
42.6872921,-75.5707376
43.2378429,-77.0613618
43.2717323,-76.9891355
43.0581222,-76.2074263
41.3281498,-73.6856857
40.9562099,-72.9678811
42.5317467,-73.847347
43.1314546,-76.7657877
42.121741,-77.0371895
42.3642269,-79.0555948
41.7206468,-74.6343271
40.7206555,-73.4401232
40.714269,-73.7001309
43.2992389,-73.6351168
40.6809354,-73.6154064
42.4292396,-76.4949405
40.8237097,-73.3987314
43.1500573,-78.6966986
41.083152,-73.9201369
42.5814604,-75.5643496
41.2723173,-73.5529034
40.6559368,-73.7176315
42.7089493,-78.5780796
41.0648222,-72.4261962
42.0547964,-76.8191233
41.6559269,-73.9134699
40.8262807,-72.7497163
41.0312082,-73.927081
41.4000933,-74.7232189
43.4972896,-74.3618105
42.2097963,-76.4932748
43.1864501,-77.8038972
42.3234196,-73.5459487
40.8195435,-72.7053758
42.8914624,-74.5134719
42.8181149,-78.6755836
41.6656492,-74.4298783
42.8361841,-74.8534838
42.8289619,-74.8765402
41.0162112,-72.1592444
42.5083952,-78.6672482
42.6372883,-77.5958264
42.0803426,-78.4750213
41.8498151,-73.9301365
42.9817273,-78.0739023
42.8250665,-77.0958052
42.0864569,-77.9222229
40.6264929,-74.0776414
44.1572557,-75.0451443
44.159785,-75.0315826
42.736745,-73.6912296
40.5834379,-74.1495875
42.1081167,-78.9042042
42.5486929,-73.3739973
43.3259005,-76.6449491
41.1825949,-74.3187622
42.2678091,-77.3838033
40.7192688,-73.6884638
42.9384101,-73.6531731
42.317558,-79.3558788
41.8531485,-74.1390329
42.5167341,-77.692494
43.4242353,-73.9298474
41.5703713,-73.7454088
41.5782084,-73.7305952
42.2861974,-73.7387345
43.1797921,-74.6968146
42.7050607,-78.4483532
42.3903615,-73.7815127
42.3553625,-73.7309556
40.7637153,-73.7085432
41.7164226,-74.768143
42.5795203,-74.5882017
41.6214825,-74.4507126
44.1560805,-74.9839825
40.7398242,-73.9354153
43.0150703,-75.0354347
43.7825645,-74.2718165
43.75495,-74.79381
42.6170155,-76.7249502
40.6220487,-73.7467989
43.1306536,-78.3875025
42.5675589,-79.1128169
40.6042705,-73.6554078
40.8042649,-73.1690019
40.7431539,-73.192615
42.5084053,-76.6149456
44.5550595,-75.6802369
40.9314877,-73.8820798
42.9915,-76.07148
44.3750471,-73.7281951
42.122571,-77.5030413
42.4811884,-74.6104276
43.9988484,-76.0521081
42.2339766,-73.8823515
41.3381494,-73.7906892
41.7809217,-74.9337755
42.2703636,-74.3029229
44.2916947,-74.6652325
43.6183991,-73.9612407
42.9145219,-73.5137258
43.0067399,-74.3676357
41.2889828,-73.9551393
43.0653441,-76.4729927
43.2150549,-79.039768
41.728897,-74.3784987
40.8284338,-73.9226369
42.9147939,-74.9515431
41.2589834,-73.6854082
41.9931144,-73.9777325
44.2561582,-73.7920851
44.1897716,-73.7859721
43.3272811,-78.0358501
42.9658907,-78.8700361
42.1572816,-79.1019877
40.7934345,-73.7220756
41.7748155,-74.2982059
42.4932807,-77.140597
42.6153474,-77.0921927
41.6831467,-74.6607165
42.0220024,-79.1981038
41.6769927,-74.6663529
42.1583969,-78.680863
42.3953617,-73.6978983
42.6653488,-76.6166113
40.8198231,-73.7351316
41.9847163,-73.9648389
40.9580556,-73.8838889
42.0397993,-75.7971341
41.2433828,-73.5491408
42.6711876,-74.115685
41.6212563,-74.1442562
44.3772753,-75.8555117
41.0895408,-73.8445791
44.1947726,-75.9660514
43.6434019,-76.0685339
41.650927,-73.7629088
44.3675548,-74.2326587
41.4614825,-73.6709626
42.6242257,-79.066983
42.4228354,-79.4317125
43.4261809,-73.7123408
41.9856476,-73.9881934
43.312849,-73.8348447
41.3139828,-73.8481912
41.3178717,-73.8462467
40.8350983,-73.1312222
40.7706572,-73.7176312
42.0937013,-73.707626
42.7111701,-78.9361468
43.0903447,-76.240483
42.5161824,-76.9280172
43.367002,-78.2372442
40.6853802,-73.6526297
42.1042241,-79.3331041
42.4045425,-77.0775257
42.9233542,-78.6117726
42.4842392,-76.4799397
40.8953767,-73.6009595
40.9695445,-72.5620344
40.8567653,-73.4695665
42.530633,-75.0896077
40.6156599,-73.7295763
42.5388173,-73.959733
42.5381163,-78.9308676
42.9783944,-77.9841776
42.979777,-77.9357517
43.1831221,-77.9147106
42.2553651,-73.9023518
42.7720066,-77.8966709
41.1184293,-73.7740216
42.2931163,-79.0164284
42.8086826,-75.2526642
44.2750493,-73.5656888
43.7846915,-75.4487945
43.1725552,-79.0358783
41.8012002,-74.74655
40.5889926,-73.6254072
42.3517246,-79.3242113
44.5319093,-74.763864
42.0272856,-78.6294717
42.6461904,-73.7665098
41.9506478,-73.9940271
41.3228718,-73.7181869
42.0284072,-77.1396946
44.727284,-75.3210467
42.3511845,-76.0032571
44.2081154,-74.4448899
43.3303488,-76.7093679
42.2525629,-78.8055896
42.1420336,-73.777905
42.7280752,-77.7754919
41.9003667,-74.8282167
42.8214525,-77.6686097
40.9034315,-73.4598432
41.7700906,-74.6571048
42.6606263,-76.4307699
42.6139597,-76.8224557
43.1167339,-76.2504834
43.9728397,-74.4209956
42.2636979,-73.7684581
43.7664565,-75.9593643
42.4409161,-73.6609519
44.8008872,-74.9910336
41.8375929,-73.938748
40.6976002,-73.425123
43.2300689,-75.7482415
40.7362096,-73.2626174
40.7742652,-72.9428836
42.4709109,-74.4454234
42.6856155,-78.7766971
43.1032446,-78.6985355
42.5953379,-78.9411461
43.6978427,-73.9859658
44.2433802,-73.9543146
42.6970036,-78.9414247
43.1764506,-77.7013936
40.7473205,-73.1698363
40.7809343,-73.6765187
43.9525575,-73.7284641
40.7142663,-73.3815102
40.7009337,-73.4620685
42.9281336,-73.3428888
40.6912125,-73.5631827
42.617016,-75.5268475
40.7870428,-73.0089966
43.7386757,-74.0487476
43.1856211,-76.8924623
41.3348169,-73.5712374
40.9328781,-72.4142518
43.1347897,-76.1299238
40.6851028,-73.7017976
40.6934341,-73.5076257
43.1272972,-73.5881714
40.9700994,-72.6189819
41.0098216,-72.2211911
42.531184,-75.5235149
40.9956554,-72.341194
42.5795085,-77.942503
41.0906519,-73.9179146
42.4098033,-74.1523599
40.7439872,-73.1387242
43.0067288,-77.8016729
40.6467664,-73.1570589
42.3367406,-76.7885655
40.7625993,-73.4531786
40.8320441,-73.6048493
42.4406387,-73.5617812
43.7100676,-74.9743407
43.7257168,-74.975448
41.970037,-73.8628811
41.9278705,-74.2154239
43.7714532,-73.9312445
43.2417474,-75.4358383
43.0057954,-76.194642
43.2208968,-77.2830421
43.2258967,-77.3058211
42.8528478,-77.299821
41.0464858,-73.9495818
42.7675593,-78.7439189
41.1389875,-72.303415
41.1300983,-72.2656361
40.9381544,-73.722075
43.1572918,-75.3326692
43.2507,-78.18901
44.391399,-74.8654782
42.9392363,-75.4610076
43.5747918,-75.9963088
41.2965673,-73.5613927
41.3961315,-73.848777
44.1828405,-75.070196
43.4638857,-76.2086833
43.3506242,-76.3874352
42.3973023,-75.1735017
42.7622812,-74.8968894
42.6337636,-75.0326061
42.3561732,-78.8316999
42.6764593,-76.8230111
42.1034075,-76.2621549
40.6403816,-74.0320846
44.2872808,-75.6229981
42.4420181,-75.5976855
40.8656544,-73.5320685
40.8709319,-73.5109566
40.9056935,-73.5038483
44.5951731,-74.6082448
42.1620186,-77.0941366
42.9109064,-74.5740296
42.1745334,-74.0201355
41.0112085,-73.9134694
42.0750562,-79.4831049
43.4061806,-76.1257576
44.6286705,-74.8138041
41.0817632,-73.8584684
41.5137048,-73.6062383
44.4386659,-74.2526581
42.8761722,-78.0227877
41.363107,-73.579917
41.3675945,-73.5779042
41.0478782,-72.4631413
42.7823,-73.6845627
41.2459273,-73.9615284
40.9098215,-73.8079111
40.8953773,-73.8070778
41.2940505,-73.904223
43.1303407,-77.475551
40.9509317,-73.6887403
42.6609026,-77.0538577
42.6411438,-77.0556775
42.5397896,-77.6283257
42.7156175,-78.0055618
42.7426433,-78.0511793
42.4564497,-79.0019812
43.017574,-74.1940203
44.578379,-73.5268028
42.9672898,-75.6879613
42.7495232,-73.3401106
42.957564,-77.057471
44.1545045,-75.7088238
42.248421,-73.653176
42.0848126,-74.3154254
43.2311794,-76.3007639
44.0057293,-74.3027224
44.232005,-74.5696182
42.5564517,-78.1527873
42.1331448,-74.4801521
43.1737558,-78.2736662
41.2978722,-74.459324
43.6020957,-73.459911
41.9798143,-73.6559602
42.2253526,-76.845513
43.4484024,-74.518484
43.4517856,-74.5147972
42.5809027,-75.8649184
43.0906186,-77.5149969
40.7173224,-73.4837357
43.159234,-76.4471588
40.8067675,-73.7034639
40.8026009,-73.7042972
43.2261154,-74.1142567
41.7445382,-73.8212439
42.6170149,-75.6024065
42.6903566,-73.5645597
40.5923255,-73.580684
43.2256247,-75.0612709
42.8989556,-76.0160326
42.7384038,-76.6179999
43.0345099,-76.6238343
42.133409,-75.8963066
41.9053703,-73.976249
44.0483884,-73.4598473
40.9253764,-73.0473284
44.5281031,-73.4070773
43.5831247,-75.3451752
40.8448224,-73.7017969
42.5697856,-78.040006
43.1484068,-73.8865126
42.3797799,-79.4675466
42.0386764,-78.3408496
41.2087066,-73.5748483
42.5239586,-77.2888683
42.3148062,-74.4329261
42.7353459,-76.1482602
43.3042359,-75.1521082
43.1961848,-73.651784
40.7409348,-73.6626297
40.7123242,-73.6609631
41.6798157,-74.1504231
41.0978777,-72.1034091
42.1461852,-77.1116375
41.5350938,-74.0701426
41.2017613,-73.9943068
43.068941,-73.5836038
41.3839827,-73.945694
43.1992244,-78.5761394
43.0009335,-78.1937113
43.0305753,-78.1694575
42.795896,-77.816947
42.6678489,-76.5357741
42.7684005,-75.7365767
42.1345339,-73.8917982
42.1933915,-79.2486576
43.0239465,-78.7678107
42.3292525,-73.6156736
42.5900759,-75.1346082
42.4714657,-75.325729
42.3973028,-74.4459805
41.3981179,-73.6754025
42.0437023,-73.9473576
42.2586856,-76.0093678
40.8353776,-73.6237388
40.8850998,-73.7842994
40.7470463,-73.7115199
40.7070471,-73.8915251
41.4787025,-74.8134978
42.604802,-73.7695658
42.6192276,-78.6578041
40.8306556,-73.6387393
43.3683901,-78.4694712
40.8587097,-72.9706607
42.7989556,-77.1316402
41.4020382,-74.3243191
44.3367281,-75.462993
42.768967,-73.4509464
41.8478701,-74.547935
42.3620264,-74.4940381
42.9964456,-78.9550397
41.3103717,-73.757355
43.4078495,-73.259553
43.4239495,-73.2692535
44.2811581,-75.9991144
44.0342315,-75.7188119
40.7972222,-73.7238889
40.7867681,-73.7265202
40.7212097,-73.1576139
40.7870459,-73.7367983
42.2145087,-78.636417
42.2058755,-78.6463207
43.2097838,-77.6930602
42.7442449,-73.6915073
42.9957566,-76.091459
43.0484001,-75.9710294
42.3292408,-75.7699147
42.2765198,-74.1227065
40.8106558,-73.6284614
42.4153596,-74.0220769
40.9931534,-73.8198556
43.0906318,-73.4987251
42.13507,-77.6483236
43.681458,-75.3546233
42.5878489,-76.3668793
42.6647868,-77.7697212
40.6083962,-73.4509697
42.704522,-73.911513
42.7020217,-73.9662368
42.4042433,-75.4896253
40.9389876,-73.8676349
43.3172933,-73.8481783
43.7453391,-73.4984525
42.9745189,-74.1509633
42.1959216,-74.0970826
42.2084203,-74.6009875
40.8884315,-73.4153975
42.7939562,-77.066359
42.1911969,-74.9946083
42.8270136,-75.5446238
43.6611216,-74.4973553
43.3031153,-77.9211243
43.3614479,-77.9583479
44.4489478,-75.6941225
42.4078495,-77.2235873
43.5247907,-73.2517758
42.6209131,-73.7284533
41.9539754,-75.2804502
43.3211788,-76.5788338
43.4439589,-75.9743628
40.6034372,-73.6645748
42.4261836,-76.2265976
42.4384124,-74.6873749
42.1784124,-75.6246298
41.7142564,-74.726273
42.9647806,-78.6775293
43.4073752,-74.0797874
44.1520084,-75.321034
43.3636833,-73.393722
41.0189863,-73.7981884
42.6597973,-75.0487708
43.3739582,-76.1524252
40.9945421,-73.8787461
42.83456,-75.6778353
41.7667602,-73.9015246
40.9034315,-73.1578885
44.1304072,-74.4252453
42.5006271,-76.8724586
44.9217176,-74.7262966
42.7256111,-77.6089974
40.6809356,-73.6431849
43.8470075,-76.1818714
44.0916574,-74.0670277
43.0592294,-77.6122224
42.2898074,-74.2165307
43.0256259,-74.9859889
43.4197021,-74.962498
41.3395385,-73.6973528
44.467283,-75.2304859
41.3161981,-73.992054
44.6181174,-75.4071638
40.7553791,-73.6667963
40.6362146,-73.6815194
41.8267597,-74.1262549
41.193428,-73.9856954
44.4100369,-73.4442209
42.1789784,-73.5259511
42.5897928,-76.9549633
43.2881161,-77.7933423
42.1678436,-78.3872408
41.0139907,-72.0195174
44.9739364,-74.6632416
42.9022863,-77.4197121
42.6411723,-78.5416892
43.2417364,-75.2568337
43.2264486,-78.0266826
41.5234269,-73.646795
42.6370141,-76.1788174
42.7542551,-77.511569
42.8625783,-73.3281661
42.9011892,-73.3515001
41.5839824,-73.8087442
42.3788779,-77.6788226
42.167019,-76.8205119
44.1316832,-74.6208824
41.764255,-75.0301665
42.4233981,-78.1572319
42.6900752,-74.3829133
42.8178478,-75.4632312
42.2528649,-73.790959
43.6392315,-73.5070609
42.4728418,-78.1363976
41.9030236,-73.6474899
42.5470083,-77.9941709
42.2136987,-74.2187541
40.8998203,-73.4148418
41.735646,-74.6743277
40.8978773,-73.8187448
40.9112089,-73.261781
42.392583,-73.9498522
41.393378,-74.0368004
42.4778443,-77.8533322
43.1964576,-75.730463
41.6087641,-73.7417741
43.3036805,-75.616848
41.0259305,-73.9098583
42.1956438,-74.1337508
41.1103738,-73.8893028
41.0220416,-73.9473593
42.5428496,-76.6057783
43.3617882,-74.0945199
40.9089874,-73.0651072
43.7000679,-75.0018408
42.9014678,-78.8724841
40.8764876,-73.5331795
44.2153329,-75.797165
41.21065,-74.0176411
40.7862124,-73.7137421
41.5681493,-74.329875
44.2869911,-76.0277259
44.0814421,-76.1982655
40.8226008,-73.8195784
40.9250989,-73.8770797
43.877,-73.41318
40.712325,-73.7990225
41.8289818,-74.068475
42.0561854,-76.3479918
42.1702975,-76.3063168
42.0584242,-73.9093003
42.670524,-73.7612988
41.2570383,-73.9834736
42.4520163,-76.4736586
40.6364926,-74.0854193
41.421465,-73.6108192
41.6301675,-74.8827388
40.50858,-74.23724
42.8906149,-78.5778032
42.3423045,-75.0512757
42.0783227,-76.0985699
42.9553517,-74.2851329
42.0436813,-77.5460982
42.7120125,-76.0285349
40.9503764,-73.827356
42.798123,-76.1093696
43.6272915,-75.4112896
44.2239488,-74.4640575
42.4081279,-77.0583016
41.8881457,-74.2585695
41.855926,-73.9770826
42.8397906,-76.6932818
41.302039,-74.5615492
40.7773237,-73.7226313
40.8387104,-73.5651256
41.1070404,-73.9201371
42.0947115,-73.5891662
44.2947976,-74.3205178
40.869543,-72.8867697
41.8469719,-73.7531077
42.4134168,-73.6731749
41.1181514,-73.9554159
42.9034107,-73.5626157
40.6756585,-73.6967975
42.1986854,-76.5524441
41.7969789,-73.9420556
41.8770074,-73.9280763
41.7287051,-73.710407
44.4517163,-74.0657061
43.0795135,-75.5393442
43.0522916,-75.5015648
43.1778464,-75.7246294
41.2528717,-73.9598618
42.0850747,-76.053813
42.9825634,-77.4088794
43.0878534,-73.594005
43.1381247,-75.5707345
43.1334005,-76.3129862
40.8562092,-73.1873349
43.3428464,-76.3577116
41.2906504,-73.5954049
44.8644999,-75.2041019
41.2978254,-73.5842493
40.9503762,-72.8426016
40.9367664,-72.2428587
42.7683934,-78.5300228
41.6337047,-74.377932
42.1695296,-75.1293351
41.3098159,-74.2290372
43.1392301,-77.2722073
44.1339512,-74.9210219
40.6473239,-73.5120707
42.7461699,-78.9030904
42.9047801,-78.8558683
42.6250867,-74.0791665
43.0853445,-76.3290977
42.6603531,-74.507363
43.5609753,-73.8460059
43.4967351,-73.7762313
42.740061,-78.1327882
41.2890027,-74.2878606
43.3137032,-73.4307589
41.4700938,-74.4157117
41.8039825,-73.5587368
40.9059335,-72.3620287
42.7925778,-73.6812293
40.919587,-72.342736
42.931181,-75.3798924
42.3686844,-76.9007935
42.3806287,-76.8732921
42.0103519,-76.527166
42.4709046,-77.1055262
43.06588,-76.97845
43.2122851,-77.4299939
43.048677,-76.5627197
44.3292137,-76.0238417
43.3959017,-74.2895826
42.0161851,-76.7268968
42.1220125,-77.9480575
42.6761698,-79.0517053
40.7767042,-72.8998271
40.7087102,-73.2812293
42.9058971,-77.5391622
42.7075733,-75.1876633
43.9742346,-75.6151927
44.8205957,-73.5070812
42.763405,-75.2782213
42.0781299,-76.8452357
42.701449,-78.6822497
43.300072,-73.6840069
40.8162099,-73.4323438
41.9973144,-74.104864
43.2809023,-76.066588
41.7945375,-73.9595823
42.6434128,-73.6087274
40.7278763,-73.0976118
42.402841,-78.6100253
42.8853489,-75.1932175
41.1514803,-73.7533909
43.8970059,-76.1135369
42.5150785,-74.0454099
43.3056251,-75.3829503
42.6500755,-74.7976507
40.8245437,-72.6662075
40.8031552,-72.6145388
42.6911892,-73.8687344
43.1161806,-75.403783
42.0758987,-78.3725176
42.0622874,-78.3772399
43.0475665,-76.2204822
44.1839413,-73.4356831
43.633399,-73.9412406
40.76371,-73.3698426
43.6984026,-75.4832373
41.6770338,-74.8279413
41.7975888,-74.8268291
43.1220141,-75.2915557
42.3289626,-75.9677001
42.4692381,-75.9115876
42.6822923,-76.8685694
43.223953,-77.186092
43.2362148,-77.1200875
43.4239588,-75.8899148
42.963947,-78.7378091
40.75649,-73.6448513
44.3572723,-73.3920742
44.3883803,-73.8154203
43.3097776,-78.8261499
42.3073066,-74.2520875
42.0759128,-75.640462
41.6470383,-73.5681816
43.2206218,-76.8149578
41.5866181,-74.5881396
41.759814,-74.5940484
40.8256545,-73.4676225
42.0803496,-77.4085938
41.7106479,-74.5743262
40.5434385,-74.1976441
42.5914649,-74.7504284
41.5981932,-74.4617465
42.6967455,-73.644284
42.8264498,-78.0897329
42.7023847,-78.2244399
42.6334424,-77.1054589
40.8367653,-72.9170487
44.3258017,-75.5990118
42.5300624,-78.4727976
41.2709274,-73.7776336
43.1128475,-75.2709991
43.2472768,-79.0500466
41.5225898,-74.9329444
42.0167585,-74.0762516
44.0356209,-75.6838106
42.7453532,-74.1881834
42.198088,-74.9664661
42.4892295,-78.4808534
42.2781401,-74.9159946
42.6220235,-73.8326232
42.8764558,-75.9135283
43.8997909,-75.5824117
44.1383847,-76.0654913
41.2798161,-73.9140268
42.0600834,-75.4276769
42.6814481,-78.9753145
42.2392247,-79.4453246
44.0078352,-76.0443709
43.1183518,-74.7432892
41.7412051,-73.5765151
42.0809204,-74.9957197
42.6839586,-76.9557968
40.587605,-73.9909723
42.4909053,-76.2971553
42.76202,-74.1337383
42.7606027,-74.1330888
42.5234044,-76.976631
41.2856495,-73.9862514
43.2336732,-77.5691668
43.1206241,-75.6710161
41.7651483,-73.7428624
43.7695099,-74.816839
43.8808651,-73.5830054
43.0183913,-78.696697
42.6164662,-74.0745747
42.8950641,-77.4347128
41.9884206,-75.1337792
42.552006,-78.6403032
42.3725828,-74.0956914
40.7292663,-73.416789
40.7308333,-73.5980556
42.8945204,-73.9279019
42.5909135,-73.7017858
40.7937115,-73.6270726
42.4395172,-76.478551
41.1275989,-72.3400829
40.673434,-73.4365124
40.8050989,-72.7609336
42.5078592,-73.5065006
40.8467657,-73.5351245
42.3897847,-78.7547527
40.7670427,-72.9962189
40.8406554,-72.5814814
42.1728388,-78.9478165
40.7870456,-73.917637
43.1086741,-77.4874959
40.6420477,-73.6695747
42.562025,-73.6334502
40.9414873,-73.1059414
40.9448207,-72.8795466
42.8309065,-74.8151489
43.0653446,-76.0785332
43.23062,-77.1452561
40.7584343,-73.6348509
40.958333,-73.808611
40.8259322,-72.7317658
42.8497907,-75.6118485
40.9306535,-73.4015074
42.0971269,-74.0907374
42.652282,-78.8969785
43.2217388,-74.1040191
42.6978509,-75.2437763
44.3245058,-75.2510404
42.963391,-78.8039226
43.0772818,-78.1869623
43.0345105,-76.4479914
43.8414524,-74.6218337
41.7619674,-73.8989323
42.842586,-75.5590912
42.0509242,-73.7937408
44.8939294,-73.8365371
44.864764,-73.8970926
41.7170379,-74.39571
42.2750639,-78.6728071
42.2167263,-79.1078204
43.022835,-78.8330909
43.7328451,-76.1360363
42.8508925,-78.640305
42.8297816,-78.636138
42.1297967,-76.8207898
40.5453831,-74.1656988
40.8453761,-73.3351179
42.7145047,-78.5953025
42.7582365,-78.7796596
42.1859079,-76.6699493
41.8278707,-73.9651379
41.8765711,-73.9696754
44.3100511,-73.3526278
44.1172179,-73.7727091
42.4850723,-76.3835474
42.6067254,-79.1017058
44.0881158,-75.8071525
42.835067,-75.9860322
43.33065,-76.69707
43.0472886,-76.2385383
43.0986742,-77.4419378
41.7237046,-73.9198589
41.0434304,-73.7973552
42.1186695,-79.1983799
42.5945033,-79.09115
42.8142352,-76.8091216
43.0297887,-76.0043643
44.0222866,-75.7632565
41.7739781,-74.7384949
43.3517383,-74.9589339
42.4661754,-78.115008
42.693959,-76.3960462
42.1060463,-79.7257211
42.1192226,-79.7325485
44.2478396,-75.1377015
40.6678771,-73.0542773
40.6966421,-73.0002302
40.7237154,-72.8959826
41.4392605,-74.0451418
43.0086744,-77.464716
41.2561,-72.02952
44.2764357,-76.0080027
44.1124225,-74.7991748
40.9623205,-73.8762462
40.9034328,-72.6175936
42.1553663,-74.5323753
44.4138813,-73.4523029
40.8073228,-73.6812409
42.7184076,-74.983212
42.6970715,-74.2016618
42.9545179,-74.3765241
43.4420132,-75.2071112
42.4683919,-79.1769847
43.4142375,-73.4876124
44.9892075,-74.4946381
43.2670175,-73.5845598
42.9422962,-74.2851327
42.9584075,-74.2329093
43.2603323,-79.0508801
42.9314616,-74.6226425
41.0396905,-71.9515437
40.9125979,-73.3009489
40.60113,-74.05738
43.038959,-75.070436
43.0173821,-75.1722716
42.3406373,-75.1651689
44.5929338,-74.3037624
43.0367363,-75.392115
42.3370091,-78.4580762
42.4847852,-78.3311262
42.3592503,-74.0498564
42.3649938,-74.0635625
42.5139608,-76.3466014
41.8423103,-75.0429442
44.4694776,-74.8612948
42.0545029,-79.1581019
42.2064566,-78.1375099
43.748122,-74.8682288
43.1138469,-74.4221748
42.9969668,-74.332945
42.5684093,-74.3954187
42.9478514,-74.3704128
44.4319972,-74.1809887
42.6408954,-78.1338985
43.090067,-76.1729807
43.905617,-76.4163294
42.0793717,-73.5941095
44.3028384,-74.1931089
42.0297962,-76.7205076
43.786736,-75.4918505
40.8240653,-72.7506784
43.0284747,-75.8450357
41.5934844,-75.012184
43.0814558,-76.125757
43.3267241,-78.3889138
44.7247648,-73.9115323
43.0642305,-76.9902456
43.6253469,-75.3671217
43.0692299,-77.2988746
42.419508,-78.4944656
42.8989583,-75.5121217
42.9127746,-75.6696659
42.9015776,-75.5241112
44.7503369,-75.1310364
41.372316,-73.733465
41.3720381,-73.7617993
42.1925746,-76.0610361
43.3236802,-76.1165902
44.8486596,-74.2948984
44.8494127,-74.3281291
40.6789916,-73.6740191
42.9697857,-77.2302586
40.7592681,-73.6798523
43.7128457,-76.0627006
40.8431559,-73.714853
41.9360805,-74.7577589
42.1967243,-79.4239362
42.441739,-76.0321474
41.6801797,-74.3525258
42.9828438,-76.3404868
43.1706253,-75.2915564
41.883426,-74.1131984
44.112733,-73.9237833
42.148699,-74.648211
42.9089558,-76.3235422
42.8400596,-78.5550242
40.6367701,-74.1587547
43.143397,-77.1891469
40.9931198,-72.5239677
41.6056492,-73.9715276
43.7375693,-75.4696268
40.6222227,-74.1168285
44.3658837,-75.9213449
42.5364661,-74.8865453
42.2420265,-75.3773999
41.6055331,-74.5416836
44.2499502,-74.6522725
40.9903306,-72.5202687
40.9912115,-72.5342547
43.0978449,-76.1452021
43.1045171,-74.2648563
42.2539469,-79.5044913
40.9267657,-73.7854104
40.7245467,-73.943749
42.5961812,-76.0932597
42.6839672,-73.8476228
41.253542,-73.950628
41.4428716,-74.3884884
42.4367469,-74.1301365
42.9086784,-76.5402181
43.0828444,-76.3771554
42.6920233,-73.7245639
42.9978411,-77.5044401
43.1656227,-76.5368855
43.4595138,-76.2288176
44.2609356,-74.2663017
42.598687,-74.3329156
43.2125581,-78.4764143
42.7047892,-77.2716466
43.1386807,-74.9682114
42.5906322,-74.9451573
40.8870431,-73.5551246
41.7850937,-73.6940175
42.0793925,-73.5758659
41.9537035,-73.5106791
42.2653526,-76.8346791
43.0336861,-73.8526225
41.6598157,-73.9570826
43.7914527,-73.984302
43.398124,-76.4774396
41.7252921,-74.2354651
43.0761781,-76.0007529
41.8669887,-73.9701136
41.6684268,-74.1026437
43.1850554,-78.9836545
41.2771622,-73.8113768
43.0114592,-75.0040449
41.766045,-74.1572611
44.8181077,-74.5557357
43.16512,-77.63626
41.0613972,-71.9222416
43.010065,-76.7032833
42.9960533,-76.7649533
42.9022816,-74.4396827
41.6556465,-74.6893282
41.622591,-74.7007173
41.2523162,-73.9315275
44.9633714,-73.5873639
44.3877874,-75.0677753
42.7125702,-76.4216025
43.2345173,-73.7137302
44.0461658,-73.5051262
40.807321,-72.8212131
42.5486871,-75.2451685
44.6930981,-73.5620818
44.5864488,-75.6482908
42.8986792,-75.6401825
43.9272518,-75.0737145
40.8089897,-73.9229147
42.9736773,-76.4424356
41.1867615,-74.0348636
42.0448136,-74.2754247
42.4264662,-75.3832319
41.3884271,-74.1418121
41.6895375,-74.5312702
44.2916967,-75.8090482
42.3541623,-79.3162213
41.6935555,-74.311532
42.9928396,-77.8602856
42.977013,-75.586846
40.7987119,-73.679852
42.5822928,-76.2090963
44.2973505,-75.6944236
41.6062047,-73.872913
40.8239883,-73.5476252
41.7439824,-74.3715423
42.6153453,-77.4024853
41.6086999,-75.0618358
42.5159145,-73.6101159
40.7321726,-73.5854457
44.068956,-75.4938065
43.3081268,-76.4369827
42.9750662,-76.1413133
42.9347949,-74.6134755
41.8473134,-74.6190472
41.3566143,-74.6954441
42.2236853,-76.183263
43.96975,-74.16621
42.3620178,-76.5907784
43.1859025,-75.0143244
44.2106178,-74.9890831
42.7245228,-73.7584535
43.17314,-78.69095
42.021741,-76.3668815
42.1942461,-75.6024071
42.7797995,-73.8456775
40.9039869,-73.1978899
41.6368928,-74.207625
42.581147,-77.129173
43.1722222,-73.3275
43.0280556,-73.3863889
40.7413889,-73.7769444
42.9213889,-78.8558333
41.0486111,-71.9391667
41.0716667,-71.8775
40.9691569,-72.1277984
43.1013889,-76.2116667
41.373371,-74.178425
40.7427778,-73.9161111
40.845,-73.8955556
40.8625,-73.8980556
40.8269444,-73.9141667
40.6819444,-73.9441667
40.6588889,-73.8872222
40.6938889,-73.9716667
40.6911111,-73.95
40.7063889,-73.9613889
40.7075,-73.9647222
40.7383333,-73.7563889
42.4513889,-75.0588889
40.6582,-73.9442
40.8591,-73.9032
43.2664856,-76.1789107
42.6577778,-73.7647222
40.6647222,-73.8502778
40.6577778,-73.8438889
40.7441667,-73.8616667
40.7363889,-73.8527778
40.7311111,-73.8061111
40.6022222,-74.0902778
40.6138889,-74.0980556
40.6363889,-74.1605556
41.7066667,-73.9352778
41.5872222,-73.9483333
41.5883333,-73.9480556
41.14,-73.6838889
44.0584303,-75.761892
41.4416163,-74.11629
41.414849,-73.68524
42.5943147,-76.225871
40.9727589,-72.189112
42.4703196,-76.462284
42.4705891,-76.541452
44.6831466,-73.502948
40.8264218,-72.696733
41.8503845,-74.073785
43.1654714,-77.700663
43.3350585,-73.682512
41.1017775,-72.371952
42.1927755,-76.80782
42.0885085,-79.281097
42.0613943,-73.950668
40.9306447,-73.101785
41.5384762,-73.872378
40.7063889,-73.9472222
40.7152778,-73.9641667
42.9144444,-78.8608333
40.7494444,-73.8458333
41.0666667,-71.8677778
40.5413889,-74.23
40.7494444,-73.7158333
40.7135311,-73.2088851
40.926822,-73.4340628
40.9419579,-72.4206142
40.8608333,-73.5544444
40.8238889,-73.8144444
40.8861111,-73.5838889
40.8983333,-73.9036111
44.055619,-75.719458
41.7191667,-73.9327778
40.754897,-72.799938
42.7363458,-76.4844383
43.016493415885,-76.3898921012878
44.017622475927645,-74.59603493275047
40.7878788,-74.0143064
43.1436993,-70.6508858
39.7378811,-76.7013609
40.7081581,-74.0087508
43.1936986,-70.6208862
40.7126024,-74.0059729
40.7513889,-73.9963889
40.7352778,-73.9975
40.8037119,-73.961527
43.4086955,-70.5814425
43.5406359,-70.8481164
43.2345292,-70.8095018
43.4667484,-70.7936699
43.6198007,-70.9756204
43.5614684,-70.9578417
43.383974,-70.5447751
43.0834222,-70.7078301
43.0881441,-70.736164
43.3945266,-70.8508932
43.6884112,-70.7936719
43.7317442,-70.7108924
43.1531421,-70.8000557
43.4356379,-70.7772803
43.4209141,-70.981175
43.6481341,-70.8470062
43.3036958,-70.7333893
43.2489755,-70.5992201
43.7270214,-70.9286755
43.1007298,-70.6658805
43.5356367,-70.7150573
43.3220301,-70.5808867
43.5576848,-70.9382804
43.8047977,-70.8011731
43.5342468,-70.9097847
43.476471,-70.7183902
43.2659168,-70.8645039
40.7584349,-73.9762499
38.9065005,-77.0127541
40.7563889,-73.9738889
40.7137136,-73.9726387
40.8731554,-73.9140253
40.7028804,-74.016251
40.7467685,-73.9648607
40.7051026,-74.0134731
40.7809345,-73.9737497
40.7034779,-74.0168056
40.7464906,-74.0015283
40.7503795,-74.0015283
40.7164913,-73.9962504
40.7120468,-74.007084
40.8264894,-73.9409708
40.7126024,-74.0062507
40.7723235,-73.9848612
40.7120468,-74.0168065
40.7089914,-74.0170843
40.7048247,-74.0187511
40.7920454,-73.978472
40.8173228,-73.9487488
40.7195467,-73.992917
40.7073247,-74.0184733
40.7042693,-74.0104174
40.8720442,-73.9256923
40.7931567,-73.9354152
40.7089914,-74.0054173
40.7726013,-73.9831944
40.7105556,-73.9958333
40.7763329,-73.9720539
40.7089914,-74.0109731
40.7728791,-73.9843055
40.7251022,-73.9795833
40.7076025,-74.0079174
40.7159357,-73.9868057
40.7659348,-73.9740275
40.7946858,-73.960764
40.7120468,-74.0054173
40.7178801,-74.016251
40.7527262,-73.9772294
40.7201023,-73.9809722
40.7298243,-74.0059729
40.7103802,-74.0184733
40.7712125,-73.9718052
40.7073247,-74.0037506
40.7078803,-74.0120842
40.7359353,-73.9906947
40.7495461,-73.9679163
40.7870455,-73.97542
40.7148245,-74.0170843
40.7876012,-73.9254149
40.7828791,-73.927915
40.7134357,-74.0165287
40.8520445,-73.9284703
40.6992693,-74.0393071
40.7187134,-74.0068063
40.8526001,-73.941804
40.8501001,-73.9459708
40.7034359,-74.010973
40.7712125,-73.9673607
40.7506573,-73.9934726
40.7426018,-73.9881947
40.7806569,-73.9381931
40.7737124,-73.9829166
40.7301021,-73.9740275
40.7116667,-73.9794444
40.7122222,-73.9819444
40.7138889,-73.9813889
40.7113889,-73.9863889
40.7147222,-73.9836111
40.7141667,-73.9838889
40.7152778,-73.9794444
40.7175,-73.9766667
40.7194444,-73.9841667
40.7216667,-73.9861111
40.7208333,-73.9808333
40.7141667,-73.99
40.7122222,-73.9883333
40.7111111,-73.9936111
40.7102778,-73.995
40.7133333,-73.9980556
40.7122222,-73.9975
40.7113889,-74.0002778
40.7108333,-73.9972222
40.7233333,-73.9888889
40.7197222,-73.9769444
40.7213889,-73.9783333
40.7219444,-73.9808333
40.7219444,-73.9827778
40.7244444,-73.9819444
40.7247222,-73.9825
40.7241667,-73.9858333
40.73,-73.9869444
40.7280556,-73.9797222
40.7294444,-73.9830556
40.7286111,-73.9783333
40.7255556,-73.9797222
40.7252778,-73.9783333
40.7241667,-73.9780556
40.7252778,-73.9775
40.7255556,-73.9755556
40.7355556,-73.9822222
40.7361111,-73.9816667
40.7397222,-73.9783333
40.7419444,-73.9786111
40.7491667,-73.9694444
40.7486111,-73.9702778
40.7494444,-73.9705556
40.7488889,-73.9711111
40.7477778,-73.9988889
40.7416667,-74.0019444
40.7391667,-74.005
40.7366667,-74.0055556
40.7352778,-74.0016667
40.7336111,-74.0022222
40.7311111,-74.0008333
40.7302778,-74.0022222
40.7305556,-74.0013889
40.7297222,-74.0019444
40.7294444,-74.0022222
40.7297222,-74.0025
40.7286111,-74.0022222
40.7280556,-74.0027778
40.7266667,-74.0033333
40.7272222,-74.0036111
40.725,-74.0044444
40.7222222,-74.005
40.7202778,-74.0055556
40.7163889,-74.0016667
