40.2503398,-83.0001841
39.9611755,-82.9987942
37.4781918,-86.8488901
38.9500957,-84.9650291
41.6639383,-83.555212
39.7589478,-84.1916069
40.0639616,-80.7209149
-84.75,-114.0
40.0969204,-80.6190579
41.1536674,-81.357886
40.742551,-84.1052256
41.452819,-82.1823746
40.75839,-82.5154471
41.2375569,-80.8184166
41.0997803,-80.6495194
40.7989473,-81.378447
41.4994954,-81.6954088
41.0814447,-81.5190053
39.9242266,-83.8088172
39.12711,-84.51439
39.3995008,-84.5613355
37.333933,-86.9961062
37.4511591,-86.9091596
37.4019918,-86.8758256
40.0751427,-83.0740514
41.4047742,-81.7229086
40.0992294,-83.1140771
41.3683798,-82.1076486
41.9733332,-81.3031304
41.5931049,-81.5267873
41.4819932,-81.7981908
40.7967244,-81.5215093
40.0581205,-82.4012643
41.1339449,-81.4845585
39.5150576,-84.3982763
37.4503277,-86.7413779
37.4172684,-86.9961061
37.5589399,-86.772767
37.6361638,-86.7174873
38.9495047,-84.853838
40.169794,-80.5936851
21.6833333,-82.8666667
41.556996,-83.627157
40.1447732,-84.2424449
41.4489397,-82.7079605
40.3697905,-80.6339638
41.1595005,-81.4403898
41.3144966,-81.83569
40.0394982,-84.2032767
41.3125552,-81.4401129
40.5206198,-81.4740054
40.6186756,-80.5772928
41.6539359,-81.4503924
41.0442201,-83.6499321
40.7336688,-82.7899026
41.240056,-81.440667
41.3136664,-81.5084499
40.5886699,-83.1285242
40.2364486,-83.3671432
41.1383878,-81.8637474
41.6661573,-81.339552
41.1828353,-80.765358
41.4156025,-81.9234726
41.3894905,-82.0190321
41.3136644,-81.7245739
41.0256101,-81.7298519
40.1261743,-82.9290696
41.4553232,-81.9179174
41.6397696,-81.4065011
41.3747744,-83.6513229
41.2381096,-81.8418007
41.9475551,-80.5542409
40.9153362,-81.1059309
41.3978217,-82.2223775
41.8650534,-80.7898089
41.3175549,-81.3453858
41.012833,-81.6051221
39.9547861,-82.8121191
39.8208925,-84.0193789
39.34589,-84.5605016
39.2689476,-84.263826
39.3600586,-84.309939
39.6428362,-84.2866083
39.8814519,-83.0929645
39.6895036,-84.1688274
39.9403453,-82.0131924
37.3819907,-86.9224934
37.3275448,-86.9466607
37.3442149,-86.7547121
37.3347689,-86.8405474
37.3575455,-86.9422161
37.380045,-87.0936069
37.4369905,-87.1011071
37.4631022,-87.1019405
37.3403254,-86.7880462
37.6594962,-86.806934
37.4047723,-86.6302636
37.3336557,-86.9641611
37.6728299,-86.7905448
38.9022832,-84.8735602
38.9089489,-84.9685619
38.9128367,-85.074953
38.9250593,-85.0046739
40.821417,-82.516639
39.9961755,-83.018795
40.2964503,-83.0671315
38.9042783,-77.0627553
40.0784068,-80.533682
38.9486757,-84.2799366
39.6672987,-80.8720432
40.7714368,-84.6155134
41.7244885,-81.245657
41.4756031,-81.8393034
40.9008923,-80.8567502
41.4739419,-81.5370671
40.8814452,-82.6618424
40.2842164,-84.1554987
41.3897764,-81.4412259
41.2392227,-81.3459405
41.7189392,-83.7129935
41.1014451,-81.441779
41.1144992,-83.1779747
41.5924731,-83.8060644
40.4642335,-80.6009058
40.3931218,-81.3464998
40.1083912,-83.7524298
41.5331066,-81.5790137
41.0133868,-83.6685437
41.156998,-83.4168702
41.3503303,-83.1218634
40.0192307,-82.8793446
40.7512668,-82.724592
41.4169974,-81.6059581
40.9458898,-81.4831714
40.1028264,-84.6330115
41.4331055,-82.6521235
40.0333961,-83.1582451
41.3686645,-81.6379033
40.7083843,-84.026334
41.684788,-81.3970187
41.7711633,-81.049819
41.4153313,-81.565956
40.6165915,-83.0684673
40.0959055,-80.724526
41.5628294,-83.6538244
41.5645412,-83.4764592
41.2975519,-82.6054547
40.4957127,-84.301842
40.2722923,-81.6059541
41.18839,-80.9781468
41.6436603,-83.4868768
40.5678265,-84.1935594
40.8747781,-81.8868064
41.6053266,-81.4534492
41.0531109,-82.7262906
40.80517,-81.93646
41.2572133,-80.667244
41.5200518,-81.556235
41.0242256,-80.6628528
41.3197763,-81.6267904
41.3139426,-81.6851271
41.5172727,-81.6831857
41.0783918,-80.5992396
41.41083,-81.84944
41.3042201,-82.975192
40.2720151,-81.8595757
40.1172727,-84.3538367
41.2844933,-84.3557802
41.3372721,-84.4285593
40.2986724,-83.067965
40.8433831,-84.341618
41.0372783,-81.4667805
40.9161682,-81.4423367
40.8686675,-82.3182178
41.7778326,-80.6953586
41.4517093,-82.0354225
41.4847663,-81.9220845
41.4644979,-81.5087322
41.3931096,-81.5365094
40.3611643,-83.7596557
41.2736647,-82.8415763
41.3661614,-81.8543026
39.9979467,-82.8835186
39.817204,-82.9361628
39.5522815,-84.2332718
39.4808905,-84.4577222
39.8631101,-84.3605022
39.5913114,-84.2284371
39.8775553,-84.3021673
39.415352,-81.4548436
39.5072654,-84.7826304
39.1753377,-84.2943821
39.440336,-84.3621634
39.5069974,-84.745231
39.8842304,-82.7535049
39.5589474,-84.3041074
38.8401136,-82.8500521
39.8783971,-82.8837888
39.3622374,-84.5249802
39.9022783,-84.2193872
39.7136754,-82.5993294
38.4206117,-82.493967
39.8906122,-84.1988308
39.5364511,-83.4390843
39.4453393,-83.8285375
39.6847822,-83.9296526
39.9442364,-81.8920776
39.4324104,-83.7887642
39.3292396,-82.1012555
39.7092262,-84.0632685
39.2739639,-81.5729029
37.4356046,-86.7988793
37.4806037,-86.9583273
37.251675,-86.8705058
37.5097863,-86.8886038
38.9308766,-85.0786472
38.9610448,-84.894731
38.9780472,-84.9710303
38.9931141,-84.9568962
38.929235,-84.9926315
38.9533108,-84.8543265
37.6356907,-86.7170575
37.4498711,-86.8934553
37.4062092,-86.8773211
37.4177607,-86.9959573
37.335901,-86.9909655
37.3794051,-86.9226254
39.103333,-84.418611
39.8220071,-84.0368049
40.9532544,-83.9769774
41.4397736,-81.7354098
37.45832,-86.84995
40.043962,-80.6906355
40.1434052,-80.6623001
40.1625722,-80.5331261
40.1411829,-80.6881348
40.1239613,-80.6261871
40.0670175,-80.6384102
40.0892392,-80.6878574
40.1267386,-80.7056359
40.1022954,-80.529515
40.0825732,-80.5809069
40.0736843,-80.5997969
40.0525734,-80.6284097
40.1345162,-80.7075805
40.0645177,-80.6075752
40.0875732,-80.5703508
40.1167388,-80.6998023
40.0706281,-80.7331378
40.0581287,-80.6667452
40.0456289,-80.6514667
38.9691395,-84.2522103
38.6312313,-82.2195591
39.6877877,-80.8979715
37.9444882,-87.4052865
39.5996516,-77.9448419
39.3231286,-82.0954219
39.2116985,-82.2228418
6.802191,8.60374
40.8436664,-81.7640212
41.5350551,-80.8681437
41.0192185,-84.0471666
41.6213974,-83.2203399
40.9481079,-83.9610538
41.3900518,-81.7595769
40.793669,-81.4998416
41.0775492,-84.7271812
41.4108855,-83.46104
41.4783865,-81.4637296
41.7603259,-81.1409322
41.6544978,-82.8115794
40.6575594,-82.3115503
41.6800503,-84.5530057
40.1075615,-83.2674165
40.0517184,-84.3443919
40.9956112,-82.6671207
41.5119954,-82.9376919
41.2091853,-81.2489086
41.0064446,-81.524006
40.1578403,-83.0751869
40.4503374,-83.1885258
41.416163,-83.8685521
41.1575566,-81.2420473
41.2397772,-81.6381785
41.5528288,-81.5101208
40.4264477,-83.2968631
41.4378281,-84.2574489
40.9781103,-81.7820775
40.6878252,-84.6466255
41.6097726,-83.5643782
40.5594952,-83.8352148
40.3043245,-83.8015545
40.4711612,-83.8927162
40.4175467,-84.63968
40.5422697,-84.3893962
40.128389,-83.959658
40.6225623,-80.8378609
40.9653333,-82.3651647
40.9228363,-81.0189816
41.3953304,-81.6762392
41.010055,-81.86236
41.4839412,-81.5904034
41.48754,-82.101537
40.9667223,-82.6004515
40.6814481,-82.0218148
41.5556074,-83.6716026
40.236426,-84.1530831
41.1564692,-81.4592544
40.2709027,-80.7814725
40.862278,-81.8618049
41.5231076,-81.5184553
41.1003323,-82.1232075
40.708938,-84.353564
41.3806079,-83.6288223
41.5103297,-83.5071534
40.5947844,-81.5267864
41.0525588,-80.6078509
41.5036623,-84.4141164
40.50312,-81.6409582
40.2425623,-82.8590673
41.588663,-83.8910534
41.5022731,-81.6934642
40.1667381,-80.699802
41.2736667,-81.3756644
41.1278343,-81.3534414
41.419219,-83.7407702
40.1100486,-84.6302336
40.3947887,-81.4070577
40.2256646,-83.3511874
40.1383939,-83.3399191
41.4978306,-81.5373456
40.8272785,-83.2813089
40.2342313,-82.4512699
41.4219889,-82.3646068
40.8694927,-84.5841223
40.2225481,-84.484396
41.2075509,-83.8991072
40.9550808,-81.7265213
40.9700549,-81.6965168
40.1214579,-82.0106918
41.5475505,-82.8099097
40.667283,-81.354835
40.8339509,-80.5403469
41.4486619,-84.7480123
40.5575598,-82.862403
41.4761621,-83.2957584
40.5075659,-80.6239622
41.127833,-81.609844
41.4414366,-81.8643039
41.3831062,-84.6305089
41.4858859,-83.739104
41.6733839,-84.3268926
40.8017214,-83.5104821
40.3514368,-84.3738386
40.4128241,-84.7763511
41.1896507,-83.396738
40.1172905,-82.1193076
40.4811721,-82.5407213
40.3325692,-81.7415163
41.609372,-84.1321982
40.3756194,-82.3971038
41.2956083,-81.8334675
41.2842224,-81.0964856
41.5175519,-81.4034477
41.3494271,-81.3738906
41.8050539,-80.9481489
41.3844964,-83.3204807
41.1539465,-80.7014662
41.0289404,-84.0791114
41.5333839,-81.6173488
40.3584006,-81.4342809
41.2725522,-82.0545892
41.7361547,-81.2812144
40.0681192,-82.5196037
40.5320032,-83.2104714
40.9275572,-81.4026124
41.0300548,-82.5157264
41.0289438,-82.304607
40.9636685,-81.3312195
41.4647747,-83.7060473
41.7583763,-81.2873258
40.0228421,-82.4445991
41.293106,-84.7619032
41.3125552,-81.1437098
41.1315208,-81.2882648
41.2489375,-84.133
41.621718,-83.711604
40.8353365,-81.0659288
41.1564463,-80.569239
41.3950489,-82.5551733
40.0778416,-83.0012946
40.4394935,-84.0402203
40.1536742,-82.6851699
40.9828289,-84.1993907
40.7353372,-80.9564777
40.6469982,-83.6096516
40.4950646,-81.9845906
41.8908873,-80.676192
41.2681067,-82.3021062
41.6289365,-81.3614985
41.6367174,-84.4952267
40.1117363,-81.0192646
41.2372753,-82.119872
41.0208896,-81.4359458
40.4847717,-83.9229952
40.0756276,-80.7900855
41.5117178,-81.6431838
41.2478344,-80.8770307
40.8772816,-80.7553556
41.0983847,-83.9846655
40.1983958,-83.0101843
40.6786691,-82.5823931
41.443385,-84.0088346
40.7720044,-80.7681336
40.2917281,-83.0640759
41.4468476,-81.2027809
41.0333889,-82.0120908
41.3411018,-82.1764467
40.6353382,-82.2332144
40.8372809,-81.2595519
41.0353371,-80.5364593
41.4506077,-83.48743
41.5200523,-81.4887315
40.6917271,-81.1812148
41.0630892,-81.5475742
40.2697883,-82.3540433
41.2111676,-80.5378495
41.5192189,-81.457896
40.0720039,-83.5563133
41.0922715,-84.4196708
40.2925566,-83.5824282
41.3614401,-81.812912
41.4619986,-81.0737079
40.1786706,-83.4354782
41.0408919,-80.6925762
41.5661614,-83.424652
40.5545071,-81.9179198
41.1400577,-80.768969
40.7297817,-81.1053764
40.321736,-80.6097962
40.3931033,-84.3760612
41.0464454,-81.3978884
41.2442202,-82.6962926
41.5844951,-84.6055076
40.5492265,-82.8274015
40.3933956,-82.4857181
40.9489143,-82.3567995
41.1445006,-81.4398342
41.3922726,-84.1252243
40.7245032,-81.5220653
40.0272946,-80.8150871
40.0811745,-82.8087864
40.5833907,-83.3165864
40.4369919,-84.3796729
40.9417229,-81.541508
41.0850542,-82.3998887
40.9611713,-80.5575706
40.4897871,-81.4456706
40.845061,-80.6145165
40.0236937,-82.4645541
41.450052,-81.6634618
41.1828302,-83.6782668
40.875891,-81.4023356
41.905887,-80.6903597
40.8397785,-81.6284585
40.2231134,-83.557427
41.4347758,-81.5256766
41.3450547,-81.528452
41.3492214,-81.5215073
41.607272,-83.4688204
41.0292217,-81.6381795
41.2425531,-82.6157331
41.5067173,-83.1465875
41.2939386,-82.2173786
41.2400537,-83.1499192
40.0681192,-83.0354626
41.375049,-81.9081937
40.7595013,-82.5901725
40.1209023,-82.0109696
41.2544965,-82.3996114
41.5878281,-83.4932651
40.5414518,-81.721796
41.4350535,-81.5362327
41.5008859,-83.7182701
41.1689421,-82.2179354
40.6028419,-80.6489628
40.2753487,-81.7509601
40.2522771,-83.7557663
40.9714448,-82.1098748
41.586162,-84.4349491
41.0264442,-81.9331974
41.344774,-83.7971603
41.5189413,-83.8038284
41.6847725,-83.6741036
41.6331034,-81.4687274
41.2350562,-81.0492611
40.6164495,-81.6951284
40.1739475,-83.5274254
41.4514405,-83.3657601
40.0931191,-83.017962
40.1545159,-80.7103583
40.338388,-83.6771533
37.3433818,-86.7135997
40.5200635,-82.0973748
41.5181064,-83.359094
40.0678497,-80.8173092
41.4054308,-82.8047429
40.8953302,-83.8888289
40.650061,-81.4520613
40.467826,-84.1805022
40.4253431,-81.1878817
40.1322719,-84.4307832
41.3242192,-83.4385387
41.1647659,-81.3166231
40.707003,-81.5981799
40.0697947,-80.7400827
40.2647925,-80.6261864
40.4695087,-82.1940453
41.3983838,-81.8045788
41.4747732,-84.5524508
40.8083909,-82.9754649
41.4706089,-81.1450995
41.3819966,-81.7370756
40.2728452,-80.9967628
40.673397,-80.5764592
40.031183,-81.5884561
40.8897784,-81.597623
41.0250584,-80.7609121
40.500616,-82.8935146
40.9525551,-83.3824238
40.5627165,-81.0791633
40.5728404,-81.0856532
40.0519994,-84.1296629
41.4000523,-82.8085204
41.6871301,-83.3203613
40.5489358,-84.5702338
40.3045067,-82.6962829
40.0058976,-83.0271287
41.4361644,-81.3865012
41.6142173,-81.1489883
41.5222735,-81.3378874
40.0553348,-84.026048
40.9267224,-81.6304022
41.0208835,-84.3043917
40.4797688,-84.628291
41.5583835,-81.5692903
40.8883931,-80.6939643
40.9194961,-84.0568896
41.1003273,-84.2663351
40.916715,-84.702737
41.0989439,-81.6445685
41.3303342,-80.7253575
40.7875572,-82.7365677
40.9869997,-81.8937511
41.1632441,-81.4654734
41.2608454,-81.571157
40.7989449,-81.6954067
40.4475643,-82.2601584
40.20435,-84.53138
40.3119964,-83.9157705
40.5545077,-81.1995488
41.573663,-84.0052236
40.3933994,-81.3337215
40.7694969,-83.8227149
41.6067211,-80.572296
40.3944932,-84.1727231
40.214492,-84.6369011
41.1814388,-84.7405144
40.7517229,-81.8393038
41.5214401,-84.307172
40.8936647,-83.6502092
40.4089499,-82.955461
41.1017247,-80.7645239
41.5053178,-82.0282001
40.6531159,-81.5809564
41.4169982,-81.5273428
40.0161843,-80.7423054
40.506718,-83.7479894
40.6200589,-82.5107222
40.0161818,-81.0726013
39.7017328,-82.4268216
39.3331197,-82.9824019
38.7317431,-82.9976742
39.860075,-80.815368
38.4370282,-82.3770959
39.1175592,-84.5882778
39.2236694,-84.4421641
39.3728524,-81.3956746
39.2020121,-82.8137836
38.7456277,-83.8449245
39.779781,-84.1241047
39.1864547,-83.4724163
39.3122782,-84.6505034
39.8072903,-82.0712522
39.4886732,-83.6368659
39.9709071,-80.7506399
39.3264442,-84.7146718
39.2681136,-84.4132746
38.7209086,-83.2137926
38.7347974,-83.1982366
39.8070121,-82.2970941
39.8253378,-83.6343673
39.3708927,-84.2132698
38.4178597,-82.5862699
39.287002,-84.4852213
39.3492399,-82.0323645
39.1592269,-84.3071602
39.3689609,-82.1323677
39.9583892,-84.1721638
39.5345148,-82.031254
39.9697942,-81.5365108
39.9762213,-81.5786722
39.6289418,-84.6485632
39.8428415,-82.8046182
39.9611755,-82.999072
39.7442268,-83.8085372
39.6283928,-84.1593818
39.3978494,-82.1293122
38.4278605,-82.457099
39.0967266,-84.508276
39.600618,-82.9460133
39.1617242,-84.749115
39.7683959,-83.0571297
39.7689573,-82.0920868
39.1170039,-84.5352212
39.1639476,-84.5399439
39.8039675,-84.0644218
39.185891,-84.6513353
39.9225743,-80.7817538
39.9456198,-82.9487919
39.8720138,-81.9093013
39.2922787,-84.6180024
39.0300644,-84.1041006
39.8500679,-82.1220868
39.7439405,-84.6366201
39.8781151,-83.9368765
39.9572859,-82.6818345
39.6795,-84.4291132
38.8389576,-84.096321
39.2003361,-84.5204993
39.2903353,-84.5041108
39.0750614,-84.3449387
39.1014669,-81.7876327
39.5400672,-82.4070986
39.8864493,-83.448253
39.2667332,-82.7904498
38.879518,-82.9968419
39.241729,-83.7913143
39.1581137,-84.6496684
39.6322955,-81.4565106
39.9336401,-83.4638053
38.6881293,-83.6093611
39.2158901,-84.7041146
39.0017452,-82.0487525
39.9000639,-82.534048
39.2281143,-84.3541062
39.3545046,-84.1271568
39.0275659,-83.919652
39.7195055,-83.2651926
39.1545033,-84.5327214
39.0384,-83.7485358
39.096171,-84.5124428
39.458681,-82.2318156
38.8100686,-84.2121565
39.9361699,-84.0254913
39.9936837,-81.7340168
39.7453337,-84.3849462
39.7139579,-82.2084805
39.5245195,-81.0670544
39.8569934,-84.7932918
39.3236736,-83.6910336
39.3909084,-81.2267801
39.1245048,-84.361606
39.246446,-84.5835566
39.1556149,-84.4596641
38.8939646,-82.573495
39.45089,-84.5143903
39.9956193,-82.6743341
38.9489593,-83.4057458
39.1042265,-84.5152207
39.1625531,-82.9354995
39.0681252,-83.0143443
39.987551,-84.4874508
39.4014524,-83.1807431
38.6450783,-82.84878
39.9653421,-82.9543477
38.809803,-82.2023691
38.8645138,-83.9040944
39.6261682,-84.3693882
39.7986708,-83.8832627
39.503126,-82.0845892
39.2333935,-84.1613239
39.3520084,-83.3826928
39.8095063,-83.1710229
39.2619993,-84.8199516
38.5848013,-82.8321123
39.9617305,-82.4912676
39.1881503,-83.5380225
39.42663,-82.53635
39.1881322,-81.7517984
39.43341,-82.54155
39.843947,-84.1246608
39.5725523,-84.7413429
38.5367471,-82.6829406
39.0520169,-82.6365537
39.6581163,-83.7349236
39.6536719,-83.5638094
39.7911709,-83.8543727
39.7211793,-82.2987615
39.3342248,-84.3796631
39.1814481,-84.4166076
39.3556146,-84.2485483
39.4739514,-82.9107333
39.3334038,-82.3512634
39.4353373,-84.2029922
39.3450634,-83.5529748
39.8461629,-84.5396736
39.8028415,-82.8062848
39.7972788,-84.3113334
39.1686878,-81.8465239
39.1014488,-84.5124428
39.9945084,-83.0624078
39.126735,-82.9854553
39.5297824,-84.086601
39.9881202,-82.9976831
39.1234054,-82.5329377
39.7444973,-84.5321727
39.6722812,-84.2521632
39.944784,-83.2688045
39.9625534,-84.3280022
38.7584091,-83.0290644
38.7945166,-83.5451934
38.7303549,-82.8554477
39.2131131,-84.5993899
39.9667308,-82.8854559
39.7161711,-83.8777064
39.0542312,-84.0529886
39.5858953,-83.1204647
38.9417359,-83.6507541
39.2764462,-84.5282778
39.8064486,-83.886874
38.6556296,-83.7610323
39.2275735,-82.2023695
38.8548975,-83.5634782
39.1117269,-84.4291076
39.0283966,-84.2177136
39.9900504,-84.553286
39.7156186,-82.9529584
39.1358932,-84.4113295
39.8453418,-82.6007185
39.9881261,-81.1764961
39.6356154,-84.0707681
38.9636771,-84.0807664
39.5478509,-81.6395732
39.9689532,-82.9376804
39.9956195,-82.811286
39.2931174,-83.9888205
39.6050616,-83.3954726
39.2320029,-84.3782734
39.8164594,-81.8473558
39.9061507,-83.1364359
39.2820094,-83.1565742
39.1531139,-84.6371681
39.8367207,-84.4113366
38.8823137,-83.8845715
37.5672738,-86.729988
37.5258849,-86.687487
37.3761603,-86.6808208
37.4511575,-87.1005516
37.5786641,-86.6288738
37.4447729,-86.6419304
37.5067149,-87.0069394
76.619722,-67.425278
38.9653369,-84.9474512
37.4558839,-86.6766537
38.9711908,-81.9143031
38.9709438,-77.0266434
37.5078265,-86.9494381
37.5642155,-86.9838832
37.3914385,-86.6588757
38.9783915,-85.0143972
38.9053377,-84.9874511
39.0206143,-84.8838393
38.2756258,-85.763574
40.6189,-82.2658
41.2186111,-80.755
39.0859667,-82.6695833
41.0783333,-81.5222222
39.4916667,-84.0361111
39.3413,-84.2725
40.3701183,-83.8179288
38.9265237,-84.9075621
41.078526229557816,-81.54104232788086
41.099760575622874,-80.67468881607056
41.01274196420947,-80.75496196746826
41.138912094293836,-81.31376266479492
41.503885061874925,-81.67871475219727
41.47771800887871,-81.72991275787354
41.46401949050939,-81.70978546142578
40.707335300005695,-82.05901848187575
39.020231430810156,-83.56560540168076
41.75290568735368,-81.01513116900978
39.77361035058631,-81.55364141724466
40.71664396413532,-83.47531913566237
41.15500514090349,-84.04174061335802
39.57682281023204,-82.7527497653875
41.61749846273868,-82.56456489939792
39.90381527926947,-84.41553749009344
40.237985649822704,-82.61513455214396
40.0292374,-81.0389883
40.1761826,-80.6467435
38.6600834,-82.1868121
40.078115,-83.5657581
38.9909432,-77.2347029
40.0734058,-80.7364714
40.0589616,-80.7239708
40.0509061,-80.7256375
40.1048078,-80.6042392
40.0725788,-80.709935
40.0490908,-80.678062
40.0650727,-80.712859
40.0786838,-80.6814682
40.1156277,-80.7000802
40.0756281,-80.724804
40.1020169,-80.6598002
40.0339619,-80.7256376
40.0625727,-80.7234151
40.0795168,-80.7250818
40.0887063,-80.567282
40.0436075,-80.6150717
40.1669099,-80.596982
40.0451395,-80.6898402
40.1400164,-80.6900875
40.0752175,-80.6953739
38.6267296,-100.1415114
40.2272822,-83.3482535
41.4853288,-81.7092981
41.6756015,-81.3689981
41.2027562,-93.84387
39.340335,-84.5105003
39.4109076,-81.4509546
38.6075764,-83.2951834
39.3264618,-82.1004221
38.4777511,-95.2827585
38.8273192,-97.7616361
37.5200808,-97.4243306
37.9558519,-98.7471509
39.1244532,-86.0328391
38.188505,-86.4064698
37.8833201,-87.0942481
37.9945568,-87.3919728
38.9861111,-84.2322222
40.7702953,-84.6162311
40.9002778,-82.6691667
41.6158616,-84.7347814
40.3397696,-84.4952303
40.266172,-83.2126932
41.49675,-82.94128
41.6642169,-83.6432694
40.9322722,-84.3388383
40.0494926,-84.7432923
41.3706107,-81.0650959
41.1381051,-84.5805082
41.1166204,-84.5801956
40.2947731,-84.0324399
40.7953358,-81.4734515
41.5306068,-84.2296717
41.7492217,-80.5684068
40.2547915,-80.8270309
40.209516,-81.7195699
41.0242258,-80.6147954
40.9445003,-82.2154361
40.328661,-84.0943865
40.328124,-81.5206731
41.3267189,-83.6507668
41.1676829,-81.1974036
41.0072779,-81.5270617
41.4564416,-81.2137132
41.0220807,-84.1317319
40.2992182,-83.9688273
40.9589419,-83.7841029
40.1825712,-80.6911904
40.3347799,-83.465758
41.1519991,-82.8471302
41.3458879,-81.3951112
41.1219995,-83.015747
40.3090289,-81.8509486
40.7746843,-82.5364839
40.4333996,-80.7717478
40.7511695,-81.477897
41.5747885,-81.0784425
40.5139432,-83.572706
41.2694972,-83.4249267
41.6431107,-80.8234198
40.7631147,-81.1895487
41.6603329,-80.8606439
41.5333832,-83.2124234
41.3339416,-83.1196411
40.7914504,-80.6261833
40.2189421,-83.9607703
40.2789361,-84.6374571
41.2978299,-83.6699339
40.461442,-83.6699312
40.403213,-83.6823104
40.2344927,-84.409394
40.0806266,-80.9000916
40.5558822,-84.0835563
40.9490552,-80.8571569
41.3574169,-83.1439135
40.6403392,-81.3723355
40.1975745,-83.8146501
40.4639542,-81.4109469
40.3958988,-81.0848211
40.9897709,-84.5832874
41.1238796,-83.1277055
41.098363,-83.2067374
41.0997766,-81.7356853
40.6208922,-82.6618401
40.8769051,-82.6977629
40.3315268,-84.2047315
40.4947869,-81.2428843
41.2872723,-84.5535617
40.566452,-81.3606676
41.3558794,-82.2537689
41.177279,-80.9867583
41.4314422,-81.3653887
41.3083893,-80.955924
40.3947836,-82.7004504
40.255609,-83.8696577
40.8138879,-81.3656364
41.6469936,-82.8160207
40.9675552,-81.8484705
40.3234002,-81.3084428
40.3972892,-81.5620643
41.3514413,-83.1551979
40.5217323,-80.6261845
41.4347734,-82.7174055
41.0281106,-82.2221033
40.4000577,-83.4110339
41.1259785,-81.5321669
40.6781165,-80.8861964
40.8708902,-82.8771284
40.9497783,-83.1707508
40.2697895,-81.2867753
40.9056121,-82.7726803
40.9456144,-80.8125813
40.0111706,-83.8360414
40.1411804,-82.0098585
41.3171746,-80.7611605
40.4409599,-81.4737696
40.2994034,-83.3715811
40.9750568,-81.4081673
41.7803319,-81.0028735
40.6022716,-84.0866125
41.2378318,-81.9315268
41.3878312,-81.6045685
41.1386639,-83.6493768
40.9753323,-83.4790931
40.8817178,-84.1505029
40.7864376,-84.4568981
41.3819969,-82.9349133
41.0989463,-81.022871
40.1964595,-80.7750839
40.7831089,-83.69271
41.6803328,-80.667301
40.1333911,-83.6999291
41.4581079,-83.6102113
40.5867287,-81.6081794
40.7892204,-83.6432639
41.0564388,-84.3043915
40.096565,-84.3518922
40.7872811,-81.2826095
41.5325528,-81.115654
40.3311673,-83.5824283
40.7461701,-81.0350936
40.450621,-80.8603639
41.3089395,-82.0056971
40.477471,-80.6288105
41.4867173,-81.7437443
41.8728312,-80.7728638
41.0997794,-81.1459321
41.5564394,-84.7688456
40.7425484,-84.4757878
40.7886618,-84.203839
40.7620052,-80.6986861
41.024225,-80.8573063
41.43209,-82.69958
41.4261617,-84.3963378
40.120348,-80.932871
41.7500431,-81.2739916
41.438659,-81.859026
41.2945675,-81.1595141
41.4369992,-80.6081308
41.2358873,-82.8601876
40.1447753,-84.1124407
40.1495133,-81.0662112
40.9064392,-84.296616
40.6867169,-84.1377259
41.3111672,-80.6556322
40.6767255,-81.8704168
40.2106234,-81.2662197
41.3348536,-83.166551
40.4625607,-82.8287896
41.6017978,-84.1300747
41.2578327,-81.6312338
40.2150625,-82.8799013
41.4289418,-81.6051251
41.3518386,-81.0983569
41.4995416,-81.1786546
41.8594971,-80.9539831
40.1114383,-84.4952293
40.0081277,-80.8875912
40.6661744,-80.6231279
40.8450509,-84.1871708
41.4119963,-83.8643852
41.5428274,-83.2610362
41.2561649,-83.051583
40.9439478,-80.791469
41.3417175,-83.9996668
40.1328287,-83.749173
41.0192157,-84.4766169
40.0520536,-81.4942562
41.4933845,-82.8757453
41.2292165,-84.0341106
40.5575643,-80.7070212
41.0019352,-83.6665358
40.0797892,-82.2609801
40.7511704,-80.937032
41.6933811,-83.4443765
40.6615103,-83.659435
40.7392237,-83.2538072
40.2938387,-81.0911354
40.1814586,-80.8875904
40.7064404,-83.9213299
41.3114444,-80.5684065
41.605055,-80.9534259
41.0189378,-84.580787
40.7731131,-82.2623816
41.3411634,-83.2915907
41.3338852,-84.0682304
41.5519954,-81.4784522
41.2383874,-81.7451298
40.1622907,-81.1326032
40.5611953,-81.9293595
40.6295049,-81.924309
40.2528414,-82.5176626
41.029222,-82.1259865
40.3253452,-80.901201
40.2544929,-84.336892
40.4075642,-82.3268249
41.2511682,-80.7453575
41.1900518,-83.784659
40.0886747,-82.9165689
40.4433848,-83.8049353
41.1461539,-82.5984083
40.6703363,-82.8435147
40.5717306,-80.7264665
40.1225594,-83.489368
41.7217149,-82.8201872
41.7386662,-80.7698066
40.3850211,-80.7609724
40.8997754,-83.7268783
40.8042239,-82.195712
41.2539411,-83.6043759
41.3258822,-84.2855025
40.3678437,-81.0053731
40.1917167,-84.2496673
41.2450533,-83.2846453
40.3450687,-81.8681894
41.5969932,-82.7101824
41.6042153,-82.7074044
41.8567213,-80.6172994
41.1569708,-81.4175606
41.44474,-81.1746279
40.4389369,-84.2613371
40.3300615,-82.957405
40.7408894,-81.7448536
40.1528489,-81.572065
41.4439435,-80.5886856
40.813111,-83.4185349
40.3987653,-82.4215337
40.329895,-82.5212494
40.8822626,-80.8800531
40.6458972,-80.5978492
40.5764456,-83.3846442
41.5158841,-83.0421397
40.7603297,-83.9485536
41.71393,-81.24527
40.7492242,-82.1415426
41.0995019,-80.9703684
40.6667277,-81.1992714
40.656171,-82.1270979
41.1291468,-80.6190149
41.0886603,-84.5852311
40.4517317,-81.2120494
41.4958852,-83.4740968
40.422273,-83.8846598
40.0916057,-82.4831474
41.1730793,-81.6481211
40.9820025,-81.1484325
41.4783846,-81.6917971
41.4189404,-83.2213115
41.1678322,-82.0229219
40.388453,-83.7658718
41.4525156,-82.1514701
41.1656129,-80.8575849
40.7050579,-82.4182204
41.6841863,-83.4682643
41.6994955,-84.0702235
40.3528377,-83.2613063
40.6511724,-81.2989991
41.0146406,-80.7762947
41.3225503,-84.0380003
40.9370004,-81.5692874
41.2839442,-81.2239908
40.376161,-84.0257744
40.4008945,-82.8107329
40.4078249,-84.4932862
40.587191,-83.1608712
41.2889392,-84.6310648
40.9022772,-81.7340193
40.6689476,-82.9101837
41.5575498,-83.336594
41.6994922,-83.4599325
40.8764474,-81.1720461
41.5519952,-81.4392828
40.1234039,-80.8792568
41.1075523,-83.7927147
41.1636687,-80.7242449
40.6186729,-80.9512006
41.1175894,-81.8997094
41.135643,-81.7607549
41.0239447,-83.1093604
40.673381,-84.5188439
41.7050448,-81.360386
40.5400114,-84.6293603
40.4983799,-84.5669001
41.7117178,-83.9096648
40.0534451,-84.228853
41.6789377,-82.8121315
40.8556045,-84.4471746
40.890058,-81.3287208
40.4378434,-81.3731675
41.1028281,-84.1313338
41.3025514,-83.8288277
40.6011734,-81.3612236
40.0764526,-82.9437921
40.2081127,-83.6382622
41.5586632,-83.7329931
40.4889356,-84.5485662
41.6072757,-81.0503742
41.4478312,-81.4276153
40.6878354,-83.2124167
40.5240863,-82.7940678
40.0631256,-81.0742677
40.0411756,-82.4307098
40.8983875,-83.5560395
40.9367195,-83.8224376
40.6945024,-81.7031847
40.623949,-81.7845778
40.3467288,-82.6301689
40.1753485,-80.7978631
40.5344995,-83.5204822
40.0706231,-82.1756986
40.5961726,-82.1120974
40.9214449,-82.2818278
41.4114165,-81.8669609
41.4928302,-83.8732751
40.7900625,-80.5389576
40.8192237,-83.1304704
40.1847909,-80.9956521
41.2036599,-84.1682781
40.1561726,-83.2365825
40.5561607,-83.952719
41.031722,-82.6815663
40.4936586,-84.3146722
41.0514438,-83.318534
40.4017321,-81.0309295
40.9172826,-80.6061833
40.9622785,-82.8543501
40.3372692,-84.6432909
41.3811617,-84.5227275
40.9850583,-81.0125925
41.4642221,-80.868421
41.1039433,-82.6118422
40.8431144,-80.9859239
41.1000578,-80.8573067
40.9483929,-80.6589633
41.801996,-81.048986
40.7925574,-82.8571274
40.3247694,-84.5705106
40.4728297,-83.7324332
41.4947744,-81.3406656
41.3653325,-81.5078959
41.095605,-84.3805036
40.8447792,-83.0938027
40.6604255,-82.11257
41.3553271,-84.2177247
40.0386822,-81.4445621
40.6986713,-81.1489905
41.4497758,-81.4806744
41.3392217,-80.5189602
40.4589491,-83.0771326
40.3595114,-82.1468151
41.3656097,-81.5612322
40.0225714,-80.9373161
41.2700834,-80.9272678
40.3353465,-82.006807
40.900337,-80.7639673
41.5492182,-84.1416147
41.1606124,-81.0712065
41.3014415,-83.4735393
40.8288674,-81.8880313
40.6678388,-81.2573307
40.6006056,-83.9752202
41.2317878,-83.0302784
41.3906111,-80.9734255
41.2328339,-80.5192377
40.4020003,-83.5452051
41.2439416,-83.491317
40.1095016,-83.8379878
40.8614438,-83.461592
41.4289397,-84.6102304
41.5602876,-84.5881381
41.5333874,-80.5706293
40.8339425,-83.6507644
41.6036599,-83.3399281
41.5983823,-81.4184471
40.7486584,-84.7910739
40.6558931,-81.63207
41.535055,-80.9342579
40.8281147,-80.8961966
40.3753457,-80.7036894
40.4672872,-80.8892541
40.0692388,-80.7836962
41.3616904,-83.6229869
41.3859006,-83.6355522
40.8008809,-84.7752399
40.8423689,-83.3043722
40.3253252,-84.4955081
40.961005,-80.6742949
40.6142286,-81.4223375
41.4467173,-81.767078
41.5242175,-84.7302334
40.2845115,-82.2840404
40.3997893,-81.9654188
40.0803415,-82.9287915
41.1725529,-83.5563186
40.3428455,-80.8181404
41.0520001,-83.0149129
40.8905068,-83.8636301
41.2072795,-80.777581
41.264778,-81.5131709
41.1595008,-81.3170507
41.5425502,-81.626238
41.1000566,-81.3464968
41.3875558,-80.8692537
40.3411693,-83.412145
41.2406117,-80.5578504
41.4253299,-81.6881848
40.6806644,-82.0622857
40.6228268,-84.2599507
40.988667,-81.9948684
41.3594995,-80.5684067
41.2675531,-83.2515892
40.3519914,-84.6421798
40.5883933,-82.4248862
40.1703355,-83.6282613
40.8319958,-84.0860576
40.636448,-82.9690744
40.3702693,-83.7200904
40.5795915,-81.0897166
41.218661,-84.602175
40.1376743,-83.769497
40.5067308,-81.7848553
40.9503343,-82.9449092
40.4800607,-82.6835057
40.4369914,-84.4932863
41.0697771,-81.9009726
41.0697771,-81.9009726
41.1620019,-80.6647982
40.2892166,-84.1338315
41.5633832,-83.3618725
40.8620008,-81.5956787
40.1259045,-80.8086973
41.2586633,-82.4912827
41.4647742,-83.9524442
41.3150698,-81.9622088
40.7684278,-80.7771866
40.1839598,-81.8909653
40.4172875,-81.1464907
40.1353322,-84.0463273
40.3016414,-81.9200107
41.1170017,-80.9834247
41.4622185310481,-82.0986843109131
40.8507724,-82.919777
40.6542165,-84.1507814
41.618382,-83.3677069
41.2847734,-83.8443835
41.47875,-81.67786
41.5036617,-81.712354
41.2400521,-83.6432659
40.9020031,-80.9550891
40.1332296,-84.6193142
41.0245024,-81.0500944
40.3075666,-81.1864933
41.3239177,-84.4905013
40.2783937,-83.0048853
40.7909416,-83.8291902
40.0697925,-81.8823542
40.2186805,-80.8728672
41.0014442,-83.3229783
41.3564428,-81.5959561
40.0889524,-82.6123872
40.7061631,-83.8438267
40.7715212,-84.1057787
41.0503322,-83.4018693
41.6658839,-84.436893
40.0770067,-83.1810241
40.4736758,-80.9228671
40.534227,-82.5048871
41.1083868,-83.5168725
40.8460195,-82.2706915
40.9024246,-82.2567308
41.8963811,-80.7590108
41.0647777,-82.887686
41.0239467,-81.163433
40.5609097,-84.2217369
40.6858935,-81.0209264
41.7719991,-80.8545331
41.4597645,-82.0195883
41.3864428,-81.339553
40.3556238,-81.6456789
40.440066,-81.699016
40.0986812,-80.9770402
40.1072933,-80.8411992
41.1328321,-83.2852003
41.683382,-82.8124093
41.1889439,-81.6362342
41.4375415,-82.2471005
40.8333852,-83.9766102
40.0236747,-82.6507219
40.4119972,-83.7368775
40.0157999,-80.988543
41.1533845,-83.9385529
40.9231141,-80.9937025
41.0047752,-83.7941035
40.5195084,-80.8839755
41.7156065,-83.8393852
40.5611734,-81.7943005
41.3253278,-82.4932261
41.2464423,-83.2357552
41.4120419,-84.7271937
40.6672818,-82.0951519
39.7378378,-83.6132549
39.8097864,-82.5221031
39.0275781,-82.033752
39.5520056,-83.786314
39.0034129,-81.7712428
39.9633855,-84.4174489
39.7415704,-84.6480197
39.9700707,-81.2992798
38.9222941,-83.2424066
39.2036801,-82.6835003
39.1214666,-81.7476314
39.4822841,-83.6768668
38.8795222,-82.380432
38.5298029,-82.5484917
39.5797876,-82.5221027
38.7861867,-82.979063
39.3376277,-83.0570256
39.2136699,-84.3868847
39.76451,-82.4315441
38.8664589,-83.7868687
39.045355,-82.1304226
39.0717279,-84.3782727
39.9734042,-81.3367812
39.8072948,-81.4678991
39.0078448,-83.8085377
39.6228541,-80.9126022
38.8039619,-82.992831
38.7986875,-82.76489
38.7547989,-82.8687816
38.55036,-82.3887638
38.942014,-83.5724181
39.9342386,-81.4623419
39.480056,-84.5518916
39.2259083,-82.0384751
39.6047915,-82.2115368
39.6528384,-83.7868696
39.0847833,-84.3607724
39.1928369,-84.4004962
39.0728461,-83.3868573
39.2728362,-84.3274389
39.2286686,-84.5668893
39.5631094,-84.638562
39.7183962,-82.9868489
39.4186774,-82.5993289
39.3361754,-83.3065796
39.9270046,-83.6124236
38.8134097,-82.7268333
39.8992343,-82.0062484
39.6089491,-84.0077105
39.7134059,-81.2762252
39.6761739,-82.9396243
39.3081301,-81.8945817
38.9564618,-82.8582275
39.5484057,-81.7929122
39.6047852,-82.8290631
39.6264539,-82.5484932
39.7967389,-81.3359494
39.1047835,-84.2882707
39.9970081,-82.7521167
38.9975789,-81.9740274
39.5558964,-82.7760048
39.896454,-82.4201539
38.9000766,-82.4457123
39.8403419,-82.5459933
39.7056153,-83.9852102
39.4847929,-82.0790335
39.9159055,-81.520122
38.4073044,-82.5357127
39.4386457,-84.575657
39.7478508,-81.5165127
39.076172,-84.4166071
39.1981151,-84.2888265
39.501736,-82.2445939
39.3778485,-82.2709832
39.5820026,-84.3202194
39.7989528,-82.7010016
39.999227,-83.6215913
39.8984042,-81.8273541
38.8875703,-83.6143633
39.0725616,-84.3218825
38.9448013,-82.111255
39.0875777,-81.9226372
39.4884055,-81.8659707
39.1570028,-84.6132787
38.7931251,-84.140766
39.9600604,-83.4849212
39.2550771,-84.7766053
39.7656311,-80.8712059
39.9167775,-83.7838965
39.50534,-83.1532433
39.4014502,-83.9813202
39.5945092,-82.587384
39.0474329,-84.1519179
39.0775334,-84.2085968
39.7970043,-83.8254829
39.414978,-83.8083788
39.5030099,-83.8616942
38.5034142,-82.6471057
39.5675732,-81.5812376
39.1136826,-82.6112746
39.9135417,-83.1856499
39.5153327,-84.6093938
39.2217427,-81.7973557
39.6025696,-82.0881995
39.1211701,-84.6063339
39.3153474,-82.4662671
38.5909166,-82.2829266
39.8892256,-84.0266021
39.8520167,-81.6576272
39.354241,-81.790134
39.1736777,-83.3485236
39.4461727,-83.8085369
39.1739494,-84.226325
39.7644886,-84.3478496
38.8156269,-83.7038099
39.2053367,-84.3946627
39.7686725,-83.2057463
39.9231278,-81.5442893
39.473685,-81.4790115
39.657851,-81.4720666
39.2181142,-84.4021629
39.9183927,-83.948544
39.746447,-84.28661
39.2592234,-84.6191131
39.1042277,-84.330494
39.3856123,-84.5405015
39.9019943,-84.6749557
39.1872809,-84.4879985
39.2561691,-84.417997
39.1453377,-84.3932734
39.9158975,-82.4751561
39.7515987,-82.6305891
39.559883,-83.4560973
39.5717322,-83.4214025
39.1867298,-83.9321521
38.8784019,-83.9988195
39.1181141,-84.6999469
39.5686706,-84.1929932
39.3917409,-81.6106828
39.8092301,-82.972404
39.2292249,-84.4577201
39.5697844,-82.9518468
39.0861892,-81.8037443
39.9847938,-81.4584523
39.299781,-84.2632706
39.5297958,-81.5062349
39.5611846,-81.3965084
39.9981082,-84.3388362
38.7731289,-83.4129666
38.9028525,-82.7210006
39.1908926,-84.3635507
39.8940298,-83.4001988
39.3150592,-84.2207697
39.8547941,-81.1492737
39.6492377,-81.8620804
39.14506,-84.3743841
39.3239508,-83.814926
39.6486822,-81.8531912
39.8820036,-84.0096569
39.0822409,-82.0229004
39.1650576,-84.7205034
39.2125592,-84.2993823
39.3061729,-83.9110402
39.5928392,-83.5874208
39.4328491,-82.0968114
38.8589637,-82.8621156
39.7273473,-81.0829173
39.1883913,-84.5952231
39.7545864,-84.2906817
39.7061702,-84.2193849
39.6830593,-84.2420524
39.6203727,-81.8526615
38.8570117,-84.2291017
39.1058944,-84.3041045
39.2336687,-84.5457778
39.2703349,-84.568001
39.8786789,-82.219868
39.2006156,-84.2243805
39.0964482,-84.6374454
39.6625691,-82.1362561
39.1933932,-84.2421586
39.5114587,-82.1634804
39.9654219,-81.9443816
38.7522986,-82.9368391
39.5539511,-83.2568582
39.9678269,-84.709124
39.3250719,-82.2179258
39.4347787,-84.5368907
39.3847914,-82.3962649
39.8092335,-82.3498739
39.577847,-82.2376489
39.1820064,-84.0863225
39.7659586,-81.4555602
39.1525576,-84.7480038
39.2183911,-84.5507778
39.3358973,-83.0290703
39.9900594,-83.9399333
39.9786785,-82.0034692
39.2528348,-84.5924457
39.9917267,-83.7785393
39.9850718,-81.7915186
39.7253369,-84.1741059
39.8789527,-82.9507363
39.3478323,-84.7674513
39.0550612,-84.4224404
39.4508937,-84.0960452
39.8028398,-83.1518555
38.866462,-83.1874041
39.1225624,-84.1357677
39.8864477,-84.039658
38.7745238,-82.3837648
38.630357,-82.6673852
39.7371486,-82.2361383
39.0886708,-84.5693883
39.9044976,-84.4016147
39.8611805,-81.9068014
39.641941,-83.0243916
39.0773714,-83.0668542
39.9036834,-81.5454007
39.9520127,-81.9590239
39.2795049,-84.1121563
39.2997791,-84.5635567
39.3031126,-84.5480009
39.9695222,-83.0093502
38.6978541,-83.0937883
39.0756169,-84.3643835
39.8556235,-82.141532
38.8246749,-82.3169099
38.8337168,-82.1623479
39.9131182,-83.1624117
39.2706134,-84.4593871
39.8881223,-82.317094
39.1872811,-84.4463307
39.1942237,-84.7243925
39.9797863,-83.0407403
39.9511782,-82.215978
39.6478321,-84.5271711
39.6656289,-81.1737215
39.8689484,-83.9443767
39.69148,-83.8898852
39.6910138,-83.9959115
39.268113,-84.5229999
39.2231131,-84.5868897
39.2900746,-81.9234715
39.4439524,-82.8271182
39.1597938,-82.5268259
38.9178456,-83.9832639
39.1955315,-84.5427736
39.1531132,-84.7532817
39.5036719,-84.0104877
39.482013,-82.3282074
38.7897929,-83.9674286
39.3445075,-83.5974203
39.1847403,-83.6009721
39.2883916,-84.3502175
39.2022866,-83.611587
39.4970238,-82.4792535
39.8561705,-83.9685441
39.9969925,-84.7921818
39.1781127,-84.7591155
39.4928367,-84.2896615
39.1245039,-84.5121652
39.0196722,-82.618383
39.9595093,-82.4129309
39.4750708,-82.0818112
39.9650725,-80.9042594
39.05007,-83.0565679
39.8517389,-81.0923265
39.2106145,-84.3671619
38.8728571,-82.2607049
39.4258963,-82.9526793
39.9961829,-81.5006759
39.9595081,-82.5957182
38.5614692,-82.5773817
39.7170182,-81.012325
39.9572844,-83.2288032
39.3120031,-84.2829935
39.0470213,-82.1815357
39.0989575,-83.2465753
39.9947741,-84.4080045
39.1097818,-84.5263321
39.473397,-82.7393363
38.5984692,-82.5367524
39.7653501,-81.2184446
39.2389469,-84.4554979
39.9547853,-83.1307438
39.260631,-81.6998523
39.8978327,-84.3063343
39.4617352,-82.3562638
39.8975632,-83.0868531
39.9033852,-84.4855058
39.3753521,-81.6695739
38.9764655,-82.3415421
39.250985,-82.4853501
39.4275826,-84.1667576
39.4553161,-81.4952534
39.5422953,-81.639851
38.7014682,-82.4737679
39.4659069,-81.6331841
39.5878325,-84.5543932
39.9025504,-84.6263432
39.5581175,-82.9990713
39.3636692,-84.377441
39.5222959,-81.4145647
39.8717345,-82.0976412
39.0745195,-82.3259856
38.561192,-82.4679336
39.5367405,-81.2431692
39.0622843,-84.2882706
39.2520022,-84.4702206
39.7625729,-81.1153842
39.2311692,-84.4657758
39.282293,-82.3948759
39.7139532,-82.6021073
38.8455149,-83.4721518
39.1367249,-84.709114
39.4667304,-82.7471145
39.8986836,-80.9692639
39.7117263,-84.0232671
39.649508,-82.7443367
39.2047809,-84.427997
39.4006285,-81.9556956
39.3338632,-82.045129
39.8317392,-81.5748469
39.2275658,-83.2704663
39.3986852,-81.6648516
39.4195178,-81.8156907
39.0770072,-84.1768795
39.8484058,-81.0367681
39.0306272,-82.8243382
39.3470021,-84.4352204
39.7906282,-81.5562357
38.7495172,-83.6132506
38.9186892,-82.2990401
39.9050639,-82.8643435
38.7775738,-83.330186
39.8000697,-81.8915241
39.5806168,-83.7249234
39.9181195,-82.8321199
39.8643981,-84.43365
38.9340477,-83.8674279
39.9470114,-82.2565353
39.4620147,-82.1818141
38.1555828,-93.8518811
39.7670187,-80.9448205
38.9703496,-83.0198991
39.1100606,-84.3799397
38.4889038,-95.275252
39.1183333,-84.4463889
39.145,-84.5408333
40.0520665,-82.541664
41.1538012,-81.643775
41.2899915,-80.845949
41.6879127,-82.8091503
41.2989865,-83.0356254
39.219354162984054,-84.45389986038208
39.33650179544867,-84.34554142464316
39.96634188453752,-82.9492010438296
39.701121348065854,-83.95716064109304
40.97299803831456,-81.73835685814701
41.156280089562436,-80.97018221922082
41.65055660074376,-81.62382531829313
38.0417114,-87.3680648
24.672643,-81.2456325
35.5034156,-90.4537143
40.7658858,-83.823826
38.5666602,-106.6116988
32.5829245,-83.8157411
38.6439032,-100.1698521
38.6402921,-100.0462373
41.2097152,-93.8466116
37.8831055,-87.0494408
38.01671,-87.4333446
43.847177,-65.369719
43.926036,-65.405835
41.2667196,-83.3499249
41.6022735,-84.1343917
40.520337,-83.1579694
41.6181102,-80.6081311
40.5083795,-84.7838517
41.820694,-80.8968349
40.0712426,-83.2279701
40.5611743,-81.4970623
40.7806102,-83.5257602
40.6745049,-81.0484282
41.1721371,-84.5553738
41.6411599,-83.4385423
41.2411668,-81.5526176
40.2272916,-81.4384478
40.313947,-83.4457572
40.9631125,-81.4006672
40.9125611,-80.5303471
40.9002331,-80.5547202
40.5139528,-81.1123216
40.6222774,-83.4977036
41.3703299,-83.3171471
40.3453373,-83.30353
40.2997777,-83.6602083
40.1884013,-81.1964948
40.1386904,-81.1867765
41.1108881,-81.6729036
41.1772671,-81.3104111
40.3320113,-80.9506482
41.23716,-82.22074
40.9575556,-82.5857286
40.0081165,-83.4154754
40.2661691,-83.5007592
41.4183852,-83.8729967
41.4539282,-81.2065927
41.6542158,-82.820743
41.6373905,-82.8289751
41.4566055,-81.9713887
40.384227,-83.1507464
41.0328353,-81.248437
40.3600679,-80.748414
41.1886653,-81.7417964
40.0495052,-83.3879752
41.4175521,-82.831299
40.3211731,-82.7271178
40.8844952,-84.2113373
41.0569989,-81.7998559
40.082008,-83.0251845
41.0439423,-83.6313204
41.4867193,-83.7293814
41.1264425,-82.3051625
41.3268941,-84.5578018
41.3408857,-83.3782595
41.0989459,-81.2426031
40.0781157,-83.4549219
41.0194938,-84.4191159
40.4758983,-81.3495555
41.0294992,-82.3923882
41.1031698,-84.0456167
40.2317373,-80.6803562
41.4625527,-81.3406652
41.645327,-83.4946549
41.0228337,-82.9582437
40.8100713,-80.8441206
38.8347153,-107.091715
41.1199598,-81.2963014
40.4914376,-83.9941088
41.8275537,-80.8717567
40.9414893,-82.9234885
41.0989442,-82.9585225
41.4025523,-83.5229861
40.0745079,-82.6054422
40.5778403,-80.9609237
40.4442136,-84.5166205
41.6650513,-83.7832726
40.3678245,-84.7096822
40.1578399,-83.1340782
41.4211548,-82.096259
41.0847775,-82.8782414
40.2317208,-83.8568793
41.5333871,-80.5331275
41.7078262,-82.8076868
41.4260986,-81.1756753
41.1820016,-80.6425754
41.6500492,-82.820743
41.2049673,-81.4912473
40.4770096,-81.4495596
40.3886773,-81.3295547
41.4044967,-81.7004074
40.4197832,-82.856846
41.4737175,-81.1054212
40.7361688,-82.0326486
41.267548,-84.2274453
41.6278273,-82.8221321
40.151993,-84.5510646
41.1047769,-82.6871232
41.1919764,-81.3602238
41.1679305,-81.2853953
41.6838891,-84.6946136
41.2045005,-81.3459407
41.6917153,-82.827132
41.4289412,-83.6224336
40.7256128,-82.5329473
40.9429125,-81.2370466
41.6169952,-83.6396578
41.095333,-83.0932494
40.3606046,-84.1730003
40.3797887,-80.8884218
40.5531188,-81.1526017
41.29266,-82.21826
41.0713745,-83.6836904
40.774501,-82.5285032
41.4236628,-83.9516105
40.0556136,-83.9188225
40.6833922,-81.6434596
41.0653336,-81.5195609
40.3903439,-81.3176098
41.4103297,-83.877719
41.6658798,-81.4431694
40.7575585,-81.4531734
41.3128304,-83.3113132
40.4181213,-82.1382064
41.618106,-83.5871566
41.1094961,-83.9004961
41.3436637,-83.1235301
40.2547925,-82.0490277
40.9689218,-81.5399818
41.7525461,-83.3910428
41.1958895,-81.3384404
41.2722785,-80.6361868
40.3581228,-80.8456418
41.2594635,-81.9700177
40.312555,-83.6832645
40.3133884,-83.6749309
41.1336639,-83.644099
40.8553957,-84.5860966
40.125898,-82.4293223
41.8418817,-80.6437529
41.2378345,-80.6642432
40.8453344,-81.9734785
41.4500523,-83.5624321
40.2022827,-83.3168633
41.0206064,-84.2171683
41.4783856,-83.5935443
40.7642144,-84.666626
40.7342266,-80.8786955
40.8220054,-80.6361839
41.2486636,-82.4918383
40.9525548,-81.7354081
40.0536763,-82.3823745
40.3856031,-84.433007
41.0439452,-81.4387236
40.4825581,-83.3157527
41.2044999,-81.5723412
40.0570139,-81.2328872
41.485051,-81.7137428
40.4872869,-81.7256848
41.6892153,-82.8185206
41.0947762,-82.4885036
40.1272854,-83.0057394
41.4903289,-81.6915196
41.6617217,-80.9781495
41.0964449,-81.4923369
41.5447726,-83.3788171
40.6370057,-81.4562281
41.5517185,-83.650491
41.2092206,-83.1688084
41.0770027,-80.6756313
41.5275507,-81.255937
41.7114372,-82.8274098
41.2361672,-81.1489876
40.7791908,-82.0587228
41.4564307,-82.0957033
40.2464366,-84.5238419
40.5150482,-84.1488354
40.753113,-82.1162636
40.0361653,-84.1860538
41.1778303,-83.6446546
40.5361586,-84.3818961
40.4083989,-80.9470359
40.5083817,-84.0638331
41.1583883,-81.6367899
41.018108,-83.9218856
41.5944932,-81.3598322
40.2909018,-81.4403921
41.6161596,-82.7071265
41.0957953,-80.6760809
41.3969983,-81.5423431
40.7847699,-84.6982933
41.3617214,-81.4695602
41.0583883,-81.8979171
40.5828261,-84.3160621
40.3545117,-81.4337253
40.7544812,-82.3913348
41.6458826,-82.8665782
41.462,-80.7464707
41.4617223,-80.7623048
40.9317235,-81.4648375
40.2514589,-80.7684164
40.1042172,-84.3777262
40.7917261,-80.8661948
40.8006149,-80.8792511
41.4347716,-81.8140241
41.4557565,-83.2603867
41.6042176,-81.1456549
41.5814409,-81.1167651
41.6281063,-84.4152266
41.6572722,-84.7474556
40.5208967,-81.0031488
41.0813168,-82.0427136
41.4134011,-81.4547885
41.7594992,-80.9467595
41.6436618,-84.3721708
40.8264471,-81.3690017
41.6903264,-82.8043533
41.1372769,-82.7471263
41.3058862,-83.1926988
41.1497789,-81.2231576
40.5384676,-82.3923635
40.0589512,-83.1968579
41.1003275,-84.2277235
41.0314447,-81.5098383
40.6214444,-83.4696471
41.4017183,-83.2443676
40.8494927,-84.5735667
41.4483869,-81.51901
40.82978,-81.4448384
41.1636687,-80.737301
41.3400548,-81.1662109
40.0231199,-82.4404323
41.608384,-84.5541172
41.5617182,-83.6293793
41.723382,-83.5782686
41.2383905,-80.7406349
41.4742071,-82.1451503
40.0600583,-82.5149053
40.2222694,-84.7466272
40.320619,-82.4704389
41.4892194,-81.401781
41.4872656,-81.935974
41.227554,-82.7574062
41.5347761,-81.0517629
41.4032906,-82.5989008
40.2167286,-83.0851875
40.103119,-82.8974014
40.2700706,-81.6715124
40.856724,-81.5059519
41.2883883,-81.5737309
40.048105,-84.5991212
41.277,-81.1448208
40.5367288,-82.3001614
40.1664507,-83.1757466
41.4950509,-82.7368515
41.3886667,-80.6656331
40.8814399,-84.1816146
41.193105,-84.4585594
41.6417133,-82.6499003
40.1931125,-83.6796519
41.1003276,-84.2066123
40.1045063,-83.2107477
40.4642311,-81.0017605
40.7158899,-83.3149201
41.4175517,-83.1354755
40.6886697,-83.0085206
40.2161613,-84.1971658
41.643658,-81.3201067
40.1611681,-83.7249303
41.3300565,-80.7795265
40.6594931,-84.3480079
41.2738968,-82.6213795
40.3722702,-84.3377268
41.3981044,-82.5540621
41.6594912,-81.4542814
41.5431062,-82.7490744
41.9647773,-80.5564635
40.8786676,-82.1084857
41.2792156,-84.3668913
40.010043,-84.2806643
41.6911633,-81.0681525
40.795335,-82.7882361
40.2874948,-83.8273617
40.0534004,-82.226534
41.5350517,-83.5668775
40.0200643,-82.9732376
40.6050623,-81.3009432
41.4475517,-82.7465742
41.6350471,-81.273715
41.4911622,-83.0318614
41.0725576,-81.0223154
40.0139537,-82.4032081
40.0711814,-80.9984304
40.4517142,-84.3691173
40.2081055,-84.2338335
40.345607,-83.9304936
41.0778339,-81.4634468
40.1180137,-83.6109305
40.364779,-83.5115929
41.2228349,-80.7900817
41.0619931,-81.9814543
40.2581109,-83.7168763
40.9650564,-83.0168565
41.6142152,-83.1638117
41.1672766,-81.9254167
41.0181054,-84.3599483
40.64825,-81.0641322
40.0778498,-81.6790142
41.2147759,-83.2257547
40.9231141,-81.0509278
41.1356133,-80.5845173
41.5403281,-82.7354623
40.4161583,-84.4752303
40.9511692,-81.2139919
40.0711774,-82.3093157
41.2086584,-80.9709313
40.7014449,-83.3927003
41.2158232,-83.5550869
40.8900563,-82.6568423
40.3947704,-84.2557807
41.3714402,-83.9418874
40.1769379,-84.2968553
40.9906113,-83.2593654
40.69283,-83.7854909
40.8072805,-81.3931697
40.1924828,-82.6546859
41.2028207,-82.1188605
41.4669953,-84.6513426
41.3290411,-81.3380373
41.2325531,-82.5804536
40.2406151,-83.3846438
40.8714372,-84.5985672
41.6636574,-81.3556641
40.8160947,-81.4174084
40.8125581,-81.4165041
41.6792155,-82.8110203
40.773946,-82.36433
40.8803598,-81.2882994
40.9817226,-81.5245619
40.1569997,-83.9213241
41.311997,-83.2813124
41.2393518,-81.2537745
40.905613,-81.4081686
41.4708859,-83.7499375
41.7019953,-83.762161
40.7281138,-82.1912673
41.6931062,-83.7099377
41.5586621,-83.5113208
40.7175582,-83.0399108
40.4650644,-82.1898781
40.4319933,-84.0949438
41.1356106,-81.6373457
40.712558,-81.9443103
40.6353395,-81.2456631
41.1094973,-83.6502102
40.5561592,-84.2971726
40.2425486,-84.3332808
41.5911611,-82.832966
40.296885,-81.8600804
40.6731147,-81.9295871
41.1176337,-81.2509127
40.1024811,-83.783
40.0786701,-83.6368708
41.4000439,-82.2145992
40.3364571,-82.0679213
41.3261666,-81.0387057
41.0264978,-81.5519834
40.2906252,-80.6792445
40.4447881,-81.7651307
40.5386749,-81.3001093
40.246727,-83.3046411
40.7953369,-80.9261982
40.2909017,-82.1615348
40.6214507,-81.1459346
40.2106262,-81.9718016
41.3625524,-83.5074297
40.5158984,-80.7059104
40.1542302,-82.5734971
40.7189471,-82.9190734
41.4633856,-81.2442698
40.3350674,-82.1657038
40.2958814,-84.3696712
40.6303373,-82.3854412
41.716715,-82.816576
41.146438,-84.2193898
40.738948,-81.3667806
41.5492182,-84.144948
41.80851,-81.11944
41.1664446,-81.5367836
41.5708853,-83.8635526
40.0550644,-82.4434885
40.0017311,-83.0196284
41.128391,-80.7850808
40.8858893,-82.4287777
40.0220147,-81.1378826
41.154498,-82.5410064
40.2881258,-81.682902
40.4797722,-83.8852161
40.7786698,-81.3470571
41.2242227,-81.5106705
40.4186773,-81.4290031
41.6253256,-81.3778885
40.1986809,-82.0470826
40.1259025,-82.0015248
41.2973781,-82.3719679
41.002555,-81.6434578
41.4425536,-81.5170652
40.1920156,-80.6800786
41.4542186,-81.6631841
40.5433933,-82.6187814
40.606173,-81.0778749
40.2125611,-83.246861
40.573396,-80.9328667
40.2861805,-80.7542485
41.6753266,-82.8079647
40.8397781,-81.8615272
41.0219934,-84.4788391
41.3869987,-81.1423212
40.2592367,-82.0765292
40.7958905,-81.5709561
40.2289584,-82.1181972
40.2336795,-81.3442776
41.1072734,-84.0024439
41.1642214,-82.9382448
41.3903339,-80.7764715
40.7083949,-80.7022976
40.6933843,-83.9802212
41.7392136,-83.1049218
41.4958841,-81.7165209
41.5703274,-81.5854021
40.0564536,-82.4184873
40.2767278,-83.1574131
41.4022744,-83.4565955
40.3549303,-82.6931478
40.5486744,-81.5584543
40.0725638,-82.9824049
41.4622757,-81.4806747
40.4789477,-83.2574174
41.0817159,-84.6705123
40.9275552,-83.3765902
41.1875723,-81.4871448
41.2667226,-80.5675731
40.5745088,-80.6675749
40.4078349,-83.4532575
41.6040831,-83.8700406
40.6164508,-81.4170595
40.5845071,-81.3892801
31.5393259,-98.0861432
37.3058794,-86.8444363
41.2161645,-83.3285351
41.3278292,-82.6207331
41.0522778,-82.8935193
40.1558955,-83.122411
41.487551,-81.7084648
41.3219934,-84.2043905
40.5136753,-81.1962151
41.656438,-82.82741
40.7078357,-82.7165661
41.3550524,-82.727128
41.3958838,-82.6510124
41.6356032,-83.2690936
41.4178282,-84.1899477
41.1654456,-82.2008841
41.1619999,-81.5751194
40.0264483,-83.7985406
41.2283898,-80.9545346
41.3161608,-82.0776466
40.1606156,-83.3946433
41.0645005,-81.4631691
40.3661787,-80.7831381
40.9067235,-83.016856
41.2339452,-80.5695174
41.4500513,-81.7270762
40.0336839,-81.4663817
41.0897714,-84.5352291
40.0706279,-80.7609172
41.002909,-80.5957792
40.4536677,-83.4554799
41.4872659,-81.9287515
41.1358901,-81.1973232
40.2992367,-81.8362422
40.9981117,-82.9221308
40.4367135,-84.5599552
40.4072692,-84.5510658
41.5750502,-82.8571335
40.059503,-83.7954856
41.1625574,-80.6339638
41.4800497,-82.6824033
41.0297777,-82.7318459
40.1653407,-82.8076759
41.0833885,-82.7532367
41.677546,-81.4376133
41.3000564,-80.8498076
41.1631123,-81.1478766
41.1314382,-84.4338374
41.3925487,-82.5390612
40.1575644,-82.4534908
40.6369912,-84.7849627
40.3739569,-81.7540176
41.0633882,-81.8956946
41.346607,-84.1630239
40.1117271,-83.3904759
41.4656017,-81.885694
41.5386636,-81.1289879
40.5831152,-82.9968527
41.1950529,-82.4115563
40.7470065,-80.6134048
40.8554684,-81.6012673
41.4461626,-81.7140199
41.0043669,-81.6241575
41.3131066,-81.9468057
40.9258895,-82.0529273
41.9619994,-80.5625749
40.1928488,-80.7131359
41.3986663,-80.6228536
40.4270118,-80.6178514
40.1986762,-82.420712
40.1409599,-83.7684332
40.2386739,-82.6923934
41.0533838,-84.198279
41.4353301,-81.6573501
40.2809032,-81.6012318
41.1324699,-82.4606872
40.1150492,-84.5274525
40.25018,-82.9912396
40.2169922,-84.5788436
40.8925566,-82.7726802
41.2861673,-80.925089
41.3862951,-80.7111816
40.7600476,-84.6982935
40.0375497,-84.5782871
40.7742294,-80.5417353
40.1567368,-81.9468007
40.859886,-80.5374479
41.0457307,-81.9385378
40.1822849,-82.9571265
41.6281072,-83.9352213
40.2417252,-83.4779805
40.9030969,-81.0655178
40.0686729,-83.2513047
40.0992154,-84.6299558
40.1497484,-84.1728103
41.5725513,-81.1542664
41.5655739,-81.1416605
40.1420058,-83.2507496
41.1947711,-84.3607802
41.631161,-83.5435447
41.6719958,-83.9116094
41.3872757,-81.2462142
41.3989423,-81.2401029
41.5667182,-83.636324
41.0208843,-84.1691123
40.220905,-81.7754053
40.0297927,-81.0820461
41.1728305,-83.6079869
41.5897734,-81.1431548
41.6792154,-82.7832414
40.4481211,-81.3690007
41.6003278,-81.1801005
40.8436406,-80.7060097
41.4608838,-82.7021268
40.8620007,-83.2671421
41.5072725,-82.7182391
41.4686626,-82.8268547
41.5204439,-83.2790543
41.592549,-81.5573445
40.1872703,-84.5855104
41.3822767,-81.5076186
41.2747753,-81.8781913
40.0428484,-81.0142646
40.3578457,-80.7650817
41.4131094,-81.4109468
41.6094946,-84.7544004
41.0245026,-80.9475891
40.2569348,-83.0123575
40.2645142,-81.5192838
41.0292219,-83.2979778
41.3919915,-82.4421113
40.5795023,-83.2751961
40.7583907,-82.097096
40.127277,-84.14948
41.3300486,-82.3607193
40.7645017,-82.0820953
41.4056002,-82.0993146
40.4258996,-81.5420635
38.711745,-82.639885
38.8917373,-83.5232492
39.5472797,-84.3832763
38.8945107,-84.2338243
39.3328354,-84.4632766
39.2834084,-81.655684
39.6747912,-82.0309746
39.1431199,-83.8018704
39.1100594,-84.5757775
39.4250742,-81.4615106
39.8119978,-84.4607823
39.2200654,-83.4221373
39.7320046,-83.4246403
39.3003521,-81.9879183
39.4914482,-84.2496602
39.9811748,-83.0879644
39.4659042,-82.0932004
39.74368,-82.1940354
39.2281144,-84.3213275
39.6195139,-82.0909772
39.6850599,-83.9599314
39.5286708,-84.176881
39.5847962,-81.1551109
39.590348,-81.979585
39.0967266,-84.508276
39.3567272,-84.0968784
39.0811839,-82.5379382
39.7342307,-82.6615549
39.7359018,-82.0779201
39.4397392,-83.0276814
39.9197862,-82.4901567
39.3847859,-83.1876876
39.7275637,-82.7665602
39.8825609,-83.3532507
39.3914432,-84.7424513
39.9945082,-83.0865755
39.6561803,-82.0356972
39.5150693,-82.2373714
39.3586679,-84.5421679
38.7527852,-82.9781754
38.7306319,-83.0126747
38.7581321,-82.8912823
39.6931155,-83.9365973
39.7867268,-83.7085348
39.3858938,-84.0893783
39.0236801,-83.4313029
39.0242357,-83.4296362
39.4359059,-81.9115277
39.1217252,-84.6963358
39.3489577,-82.4998793
39.6784066,-83.8663236
39.1342336,-83.4393594
39.7606191,-82.8521201
39.441728,-83.9202071
39.4811689,-84.400776
39.648115,-84.1677157
39.9625706,-81.2720567
39.3486792,-82.5518264
39.2183995,-82.9632333
38.6639639,-83.3790756
39.6267264,-84.09938
39.9333935,-83.4915879
39.4056119,-84.5677247
39.6664618,-81.2434463
39.3378344,-84.5696684
39.3961674,-84.5660578
39.9878418,-82.8429541
39.6842264,-84.0366008
39.9131208,-82.4109867
39.8800601,-83.7071471
39.3589634,-81.7162423
39.9997826,-83.4985331
39.9636955,-82.5405306
39.9336753,-82.4723781
39.4220076,-83.4940849
39.0767322,-83.8440941
39.1667428,-82.0212521
39.5509034,-82.0637548
39.3025607,-84.0899337
39.1814589,-82.6312754
39.7861705,-83.9807661
39.0653388,-84.4232738
39.7878276,-84.760235
39.321185,-81.9915297
39.8875739,-80.8709258
39.7283923,-84.2007734
39.7456282,-81.3637287
39.1628523,-82.2193146
39.8708916,-84.0827151
39.9317169,-84.6243989
39.869234,-82.2851485
39.5897807,-84.2963299
39.7311716,-83.3574168
39.1658921,-84.515499
39.8331162,-83.3726954
39.3678365,-84.299661
39.6428346,-83.0151817
38.8506303,-82.9112837
39.1356149,-84.5249433
39.4658949,-83.7515906
39.7809063,-81.0592701
39.2406127,-84.5980013
39.7403423,-82.5021023
39.5675514,-84.8144004
39.1936693,-84.5493887
39.1117269,-84.4346632
39.3481301,-81.5545692
39.6831168,-83.3071377
39.5250603,-84.0782673
39.3889504,-83.9049289
39.2714488,-84.1618795
39.9320087,-82.4665445
39.6378511,-81.4990123
39.5439491,-84.0788231
39.3611728,-83.8638165
39.2722817,-84.1913245
39.9428887,-83.2020326
39.8536731,-83.1829679
39.6970065,-83.1137983
39.4956099,-84.6613395
39.1461875,-82.0234743
39.9606199,-82.9882381
39.2725654,-82.9279549
39.0950595,-84.6052225
39.1081151,-84.5627217
39.1931222,-83.0557362
39.4939488,-84.1532689
39.454514,-82.2704279
39.9850643,-82.92768
39.1158986,-83.7190903
39.9772866,-82.9665706
39.2283949,-84.0529886
38.8136918,-82.2059803
39.158668,-84.8046721
39.3538249,-83.0094302
39.5309044,-81.9437511
38.6792404,-83.7210313
38.6242461,-82.6537736
39.4725675,-82.4332105
39.1445039,-84.4693865
39.4808909,-84.4188321
39.63894,-84.7716224
39.187836,-84.5607778
39.1147819,-84.5068872
39.9931204,-82.4045969
39.9897888,-82.2607016
39.4078383,-84.0902117
39.8875602,-83.7543704
39.5097841,-82.9560135
39.996655,-83.8568547
39.1822788,-84.7910609
39.2272978,-81.8973592
39.0267355,-83.4526926
39.7161702,-84.1766058
39.5570054,-83.8488161
38.7384109,-82.7376664
39.8459729,-84.3256654
39.7245034,-84.2385525
39.6536724,-83.3396382
39.7097865,-82.6084965
39.6025618,-83.3129709
38.8214697,-82.1765348
39.1447857,-84.006321
39.9867306,-83.0615745
39.1520107,-83.4849165
39.3553358,-84.3902192
39.2464596,-82.4784898
39.7286721,-83.2715817
38.7573008,-82.4787685
38.8347964,-83.0648995
39.4458878,-84.6830061
39.5395054,-83.8771502
39.7403464,-82.1023654
39.5047846,-82.8768429
39.1328372,-84.5018872
39.4733951,-83.717701
38.6625824,-82.2718153
39.3997783,-84.5860584
39.6272808,-84.28133
39.7333933,-83.477697
39.0972817,-84.5941112
39.7181198,-82.6082187
