46.8122791164294,-71.2145376205444
52.000168346,-71.999072249
51.962,-74.8961
45.5088375,-73.587809
45.883364686,-72.482412376
61.04721431750955,-69.61843013763428
62.417333,-77.925278
59.2966666666667,-69.5997222222222
56.53909,-76.51939
49.761667,-77.802778
58.09228,-68.42487
52.2219,-76.6125
60.0230536067546,-70.0032091140747
62.1792047912206,-75.6672620773315
52.33865620190692,-75.2263026335703
46.792273834872645,-71.38431072235107
45.5699525280969,-73.6919975280762
45.531214565063,-73.5180616378784
47.550093008,-73.415828907
46.266813209,-76.316058452
45.4772254446919,-75.7016372680664
45.400083013,-71.899077839
48.416750885,-71.06573019
49.866808808,-71.749009488
45.083382364,-73.132448964
46.01985,-71.98242
50.903611,-76.964722
54.756944,-78.310278
60.093307415955,-75.328741357662
50.155556,-76.959167
54.143611,-77.792222
51.041111075319,-73.108333298005
55.079167,-72.861111
57.218611,-75.0125
51.001944,-73.616667
52.863056,-70.6375
57.391667,-72.763056
51.427778,-76.72
49.785556,-77.236667
56.249444,-76.294167
57.427082941867,-66.594207831658
50.2725,-77.459167
49.547846191563,-74.519026880153
55.562882046215,-67.54317924846
49.551944,-76.45
53.278171881102,-77.582821869291
46.050066958,-71.96579271
53.75409038404137,-73.67929458618164
53.625278,-77.704167
55.28338,-77.76441
51.4753,-78.75489
49.771944,-74.528056
60.050556,-77.286944
58.66672,-69.95617
52.22927,-78.5219
53.8055992126465,-78.9169006347656
54.553200447478496,-71.17758750915527
53.572,-76.19
61.5885347812711,-71.9295072555542
61.662,-73.32129
50.19,-61.789167
46.766776901,-73.83247876
54.800220269,-66.831829802
47.222615345,-74.390886585
45.383380543,-73.099147494
45.383385888,-71.449057669
48.116845914,-75.199196606
46.150082035,-74.115905422
50.866831474,-65.815410167
47.750092596,-73.232409378
45.450079492,-73.465833928
62.117371363,-74.632183398
45.383379402,-73.749187312
46.27282,-75.99029
51.691050054,-76.136208445
45.000090645,-74.649273913
45.08338234,-73.582477378
46.0164,-73.4236
49.462378499,-78.30703317
45.483183446,-74.113117925
54.866925869,-66.76522381
46.783425695,-78.982907637
45.490902982,-75.841255229
45.412580065,-73.954756074
47.577945045,-78.566294942
47.907010541,-73.782428048
45.7000352166734,-73.6473226547241
47.621558773,-79.481362744
46.34515,-72.5477
45.7422208710777,-73.450083732605
54.166926575,-69.83212241
45.751780859,-73.992299353
50.223419193,-66.401272325
45.449779182,-73.790888946
48.4487884478162,-68.5239601135254
46.8032615036038,-71.1779308319092
60.818611,-78.148611
45.521694,-75.563589
48.52118,-72.26781
45.0928001403809,-74.5633010864258
48.8568992614746,-67.4533004760742
48.478099822998,-68.4969024658203
48.0503,-68.02266
47.406656638113574,-72.78888702392578
56.111944,-74.433611
49.750181513,-77.632765731
46.066757281,-72.832431348
46.33335643,-72.432411387
49.783435226,-74.849192401
49.916838165,-74.365864538
53.791788504459,-77.616429445334
49.733464865,-76.166041382
45.82976483,-72.420508768
49.02965,-77.01622
62.11883,-74.63151
47.550000040792,-73.59999998007
45.431186263,-71.275151365
48.603482045,-79.481861619
49.883437738,-74.299158439
56.167017892,-74.415872281
57.000351971,-71.998932679
46.26898339,-74.230012778
52.028889,-71.23
46.0703426636757,-72.8112459182739
53.19781,-70.90319
46.266757879,-72.499114535
46.200056727,-72.132393402
59.300410124,-69.598527037
60.800564136,-78.199351157
52.24273,-78.50942
62.417373356,-77.915916158
58.691432476,-65.95246851
61.598516758,-71.960260132
60.018527457,-70.026263501
58.45467941,-78.1013937
58.10732,-68.39968
55.2759,-77.76243
46.32533,-72.42303
60.03566,-77.27406
61.033747826,-69.614721464
51.483333,-78.75
51.200182002,-78.766103937
53.00167,-78.80836
55.250300018,-77.749505236
46.157856062,-72.538314781
46.079759821,-72.464110498
46.272258412,-72.510215498
62.204110503524234,-75.6434440612793
58.69594,-69.92764
56.55305,-76.54947
49.166666991077,-79.283332997002
49.10000001546,-79.149999967776
46.1716286037322,-71.87461853027344
61.66739503959748,-73.2923698425293
45.517222,-76.493611
45.374218490906,-75.838011042215
45.396430450492,-71.908150375821
45.945000029169,-73.883055592887
46.780307223089,-72.882066085003
46.865555536933,-72.577499994077
46.916696294211,-72.559832534753
47.612222260796,-72.361944434233
45.248611,-72.514722
50.116824461,-71.24902747
45.468055573292,-75.808888874017
51.68,-70.101944
46.198333,-76.023889
45.156987723894,-74.372401912697
48.594491626136,-72.030118633993
45.401428495534,-73.81404009182
46.204195632599,-72.832343210466
48.050175609,-77.34944818
46.130278,-74.281111
45.82234,-71.34281
45.489444429986,-75.622499990277
46.223944486119,-76.054678126238
45.116782339,-72.982440947
45.56839,-73.20568
45.451388913207,-75.722222258337
47.811667,-72.067778
45.180833316408,-72.155833351426
45.3030976234,-72.042598449625
47.565,-74.113611
46.999474125914,-72.553720199503
45.215876125731,-71.99954086449
45.534999989904,-75.889166635461
45.513931321912,-70.877294722013
47.061975547113,-72.677056384273
45.142777799629,-72.26916665677
47.404722,-73.967778
46.28420793917,-74.142658640631
45.685277790762,-75.650000008754
45.867500030436,-74.115000036545
54.812726613,-66.7813259
46.916831956,-78.999610802
47.908056,-72.13
45.723611083813,-75.319444402121
47.765556,-72.894722
46.246710573323,-74.634621036239
46.226487913,-74.628442044
46.844722232781,-72.695277803577
47.253931439482,-73.405961603858
46.713363141753,-73.026236663572
47.374755484052,-72.643993631937
45.533979121,-73.605277011
45.8231770889405,-73.4293985366821
46.433397919,-74.982569857
45.583378222,-73.749184761
45.488968527,-73.87835996
45.433412643,-73.738074777
45.7496479996068,-73.5995578765869
45.316779764,-73.749187943
45.449479284,-73.764187232
46.38341,-75.96605
50.233443761,-63.598624167
45.500079399,-73.68248153
45.516745924,-73.649179482
45.47675,-73.61432
45.477279648,-73.616377831
45.473679527,-73.456666747
45.850109051,-76.432696196
49.925736039,-74.816992515
45.442579498,-73.602776755
46.566752786,-72.41580849
45.53485,-73.62642
45.508379463,-73.532472376
45.51625,-73.58506
45.52643,-73.56827
45.56491,-73.56274
48.500180195,-78.749591326
49.500147352,-62.831919726
48.900111441,-64.348637493
45.866737701,-71.215733612
48.700093967,-71.965784423
45.416744901,-72.599121231
45.600097931,-75.1325972
45.616745004,-73.482501323
48.616744914,-70.799038763
45.466748724,-74.049210663
45.45564232,-71.152379112
45.33341686,-72.215763123
45.550079797,-73.315823648
45.532579332,-73.587475955
45.447301489,-73.753353321
45.850077146,-73.232453544
45.465357232,-73.665847341
45.200082386,-72.749127018
45.966772583,-73.465857682
45.507303605,-75.850455777
45.433412644,-73.865860456
45.5910383116613,-73.4360504150391
45.566801897,-75.782649567
45.45007891,-73.299157097
45.43947919,-73.829491541
45.450078548,-73.282456268
49.216791902,-68.148939833
48.100183161,-77.782796295
58.709733835,-65.992671569
48.550093141,-71.64909977
45.40007908,-72.7324275
45.254250066,-74.142290946
47.900277762674,-72.234166678973
45.483381219,-71.66576897
45.120882045,-73.268052834
48.833413735,-64.481944809
45.566804894,-75.949360515
46.075086929,-74.336723631
45.41098431586928,-73.68144035339355
46.994029593,-78.806494989
47.400135949,-61.781859778
61.717288777,-73.698825571
46.33341032,-75.96604569
46.566753404,-72.749128987
47.750086219,-72.399115399
45.533680176,-71.804877538
45.483413016,-73.599176935
45.966787422,-74.332525595
46.407007551,-75.529908355
45.932572854,-73.614167271
48.800074995,-71.949053865
45.526779571,-73.288055527
45.567282811,-74.096115114
45.36677973,-73.56587507
48.899995904,-72.548824619
45.529779428,-73.821689298
46.316774572,-73.649167405
48.866729219,-72.082206885
45.583380011,-73.332457641
46.066770328,-70.949046183
45.47947962,-73.58747625
45.63076,-72.95699
45.30713,-73.26259
45.7803642486447,-74.0036487579346
45.500079478,-73.665847178
45.58773,-73.59501
46.41675383,-72.749128288
45.466979514,-73.609477467
45.781973187,-70.968453962
45.61587785,-73.644978549
45.250083433,-74.132534352
45.559478471,-73.658079612
45.448679173,-73.816690438
45.480679575,-73.546673436
45.600097712,-75.249307277
49.016879453,-77.066142217
46.050073531,-73.715874466
46.210719818,-77.775908909
45.833405157,-75.886852365
48.862683304,-78.599578416
50.366802195,-65.898761844
45.15425172,-72.393548922
49.100163231,-61.731825452
45.075082749,-73.082449091
45.685092512,-74.66395397
45.098685329,-72.431004946
49.212588385,-65.445927492
49.182888416,-65.79046036
47.794573204,-77.89389362
48.800182432,-78.391259381
48.848281986,-78.393959609
45.997269693,-73.294951609
48.455776772,-79.287140605
47.595878416,-72.253300841
45.084785523,-74.111729639
49.333431178,-63.248597221
46.700118279,-78.649575485
45.283383773,-74.174236086
46.216808143,-75.835435451
45.095884132,-73.86860133
46.902869403,-73.315851116
46.011188732,-74.474234918
46.189019854,-77.611994923
48.341793193,-72.558847764
47.606979344,-72.319910621
46.311758904,-72.475514049
51.450119915,-68.698856882
48.273693053,-72.088030794
46.273708449,-75.786831335
46.28755851,-72.627733851
45.123681915,-73.251952663
46.701461575,-73.147745512
46.662619175,-76.081233622
45.483386346,-71.137946171
48.916881284,-78.405161473
49.083407506,-73.532382247
46.166800549,-75.316003608
47.150056254,-72.282385296
47.750063105,-71.249058558
47.0833742,-73.249143351
47.333456018,-76.999397855
46.66677,-73.499160192
46.85009952,-74.515918082
49.171792595,-68.415060146
46.800116138,-75.832613121
47.750093017,-73.249110199
47.33344748,-76.582653421
47.50015466,-77.082689081
48.633438014,-74.899173921
51.133355445,-68.74889751
52.650207486,-76.33273506
49.66179986,-70.271328822
53.750238711,-76.999470356
46.766476801,-73.832478762
45.650077827,-73.582474104
45.501095,-73.55602
48.416477192774316,-71.24883770942688
45.45,-73.75
45.683377465,-73.432464304
45.400081679,-74.032510142
52.616922203,-78.716326303
47.42855178567924,-70.00900268554688
48.330555,-70.996391
45.51621108650172,-73.42068672180176
49.836389,-64.288611
45.438611,-71.691389
46.980428028992,-70.5549287796021
49.1325,-68.204444
54.805278,-66.805278
47.5975,-70.223892
45.681944,-74.005278
48.60485,-68.21209
50.223333,-66.265556
48.7461013793945,-69.0971984863281
47.7644004821777,-69.5847015380859
46.3527984619141,-72.6793975830078
48.5088996887,-71.6418991089
48.0710983276367,-65.4602966308594
45.2907981872559,-72.7414016723633
48.7784996032715,-72.375
51.2117004394531,-58.6582984924316
45.2943992614746,-73.2810974121094
48.8285655279932,-67.52197265625
48.8755544435543,-65.4071044921875
46.555,-70.8308
48.576039257352285,-72.22944259643555
48.91590031250103,-79.1810417175293
47.93131,-74.60912
48.3528913,-71.3332942
45.970833306201,-74.765555583872
45.583400261,-75.399322947
46.890278,-71.372222
45.077335531675246,-73.14304535947473
46.852580650725415,-71.3308239427748
46.82011,-71.20799
56.52152156923,-68.79517565947
51.872580195777,-74.292680541985
52.275087148882,-71.002273843624
53.971944,-75.622778
50.06,-75.188333
56.927084145136,-69.298794684
50.08926726412,-77.079981439747
49.017778,-74.766667
51.669545103796,-75.540232700296
51.756485137157,-75.425505316816
49.953888882883,-78.333888924681
50.032778,-75.163056
49.584535625763,-77.091659191065
54.749722,-71.715278
51.181742143817,-74.738236111589
50.096745262854,-75.650207879953
52.313889,-70.654167
50.422611865215,-76.954420781694
50.321762901731,-76.195508013479
56.078736721538,-68.497659587301
52.662222,-70.504444
55.114269764163,-67.77817663271
49.713611,-74.839444
58.332956205122,-69.675703221001
51.906389,-72.5925
50.471111,-73.528611
55.318056,-70.495278
49.929238795303,-75.179067892022
51.4425,-76.330833
51.783705200069,-75.331055182032
49.595901737921,-74.404578697868
50.331111,-73.718889
53.260833,-78.061944
51.515556,-72.405833
49.9575,-74.195556
49.607778,-76.958333
50.165659929626,-77.16025928501
54.791389,-74.649167
57.657380928285,-69.339600219391
52.025833,-71.521389
58.331848117523,-69.807375879027
55.691488268785,-67.355394358747
51.326389,-77.104167
49.581667,-74.273889
50.872292420827,-74.33543771971
52.143056,-71.305
50.207591657527,-76.278844834305
49.044444,-74.358333
53.206111,-76.145556
56.549300453626,-68.847399274819
51.151461931877,-74.651288618334
54.053611,-71.943056
60.418269443326,-70.132779548876
49.100068663247,-75.217101867311
60.358031219803,-73.753631464206
58.268229220994,-69.525139178149
51.546667,-76.080833
56.745967813767,-69.960476872511
53.669722,-71.397778
52.149722,-71.218611
52.187778,-71.111389
49.29,-74.388333
59.723889,-64.869167
61.411119368859,-73.716106018983
55.140101532452,-67.019555470906
56.015126206912,-68.484329930507
59.376040385105,-69.740375638939
51.428333,-72.336111
50.652222,-74.466667
49.935556,-73.966111
49.881667,-74.35
49.872013363056,-74.42958350759
56.18515805807,-72.685892418958
49.991667,-75.393333
49.795833,-74.063056
57.764444,-70.169444
49.545278,-75.058611
51.665278,-72.884167
56.340686785989,-69.767132936977
49.896666635759,-79.047777797095
54.9225,-76.776111
55.028719701804,-67.791794710793
50.830556,-75.252222
57.703889,-73.828611
53.141389,-76.570556
59.091667,-76.123333
60.083592454903,-77.107898038812
56.266944,-67.8925
50.891667,-75.590278
55.542778,-75.230278
58.174060885794,-69.628202472813
52.664444,-76.893333
50.980278,-73.984722
55.293611,-70.823611
55.25,-70.1525
54.712222,-74.864444
59.077971442603,-69.800379420631
54.150000032969,-73.766667000018
52.88315332029,-73.567090281285
53.568056,-77.571944
56.862222,-70.882222
51.964722,-71.546944
51.589839826338,-75.855008200742
57.868611,-74.589167
52.917778,-70.188056
49.157022186555,-76.047428953461
51.73898238223,-75.279936301522
50.806389,-73.478889
60.157433333807,-70.018657171167
59.633558602072,-71.555164293386
49.231944,-76.099722
56.313740224577,-68.107360624708
52.581389,-74.844444
50.560902287252,-74.638500097208
49.158611143939,-78.85472219903
55.911506353877,-67.929030605592
51.854246123694,-72.525384672917
49.37,-74.518056
49.887573109008,-75.308518088423
50.147860287689,-75.838271970861
50.752037256025,-75.988557734527
56.788611,-73.005833
58.180174562149,-69.774888544343
59.118611,-64.520556
52.908056,-74.709167
49.924535541795,-77.624158314429
50.096474359743,-76.033002021722
51.003889,-74.544444
51.391756846569,-75.332975140773
58.47990731243,-69.645971939899
49.774444,-74.180278
55.755401034839,-69.62437923532
49.088333,-74.355278
58.347437116317,-72.257757126354
49.401111,-77.016667
55.794444,-76.661944
55.327606550418,-67.034006374888
50.067222188227,-79.35027774889
50.905,-73.443611
54.545404915698,-71.190021350048
52.963889,-70.043611
49.590277816169,-78.137777787633
49.729242394678,-75.635753371753
49.716742294841,-75.636308337562
49.805556,-75.318056
58.274900796823,-69.830167028122
49.100833344273,-79.047777797095
51.656232546084,-75.91612979304
49.536667,-74.268333
54.010833,-71.152778
50.590833309107,-78.929166658781
54.548333,-72.4525
55.357326096855,-66.761490670033
60.888878186233,-72.40853365045
50.809167,-77.663611
51.463969289325,-74.699625712819
49.296667,-74.411389
53.815278,-72.631389
50.245921849273,-76.070503494702
50.088333,-75.364167
51.121389,-73.361111
51.740375705995,-75.494676302187
50.884167,-77.915556
51.215556,-72.609444
49.855277803726,-79.201111136936
50.260555562563,-79.083888879977
56.252905544825,-68.332372899167
51.498611,-74.085278
51.258406718262,-73.62459122669
48.979444,-74.3325
49.070901903324,-75.033206851222
49.003123571165,-75.195432971232
50.627040700056,-75.923272180371
54.211944,-75.2175
51.429243818857,-74.466284927912
49.856389,-75.167778
50.259167,-75.161667
49.520833,-74.622778
49.8330555344,-79.180277748965
49.476944,-74.870556
53.937625405379,-72.625921997242
59.823278537951,-70.63344981987
49.4125,-74.658056
53.358333,-76.2925
49.83591820579,-79.516721977852
53.214167,-76.341667
51.780833,-75.725833
58.433056,-68.969722
50.855833,-79.156944
55.908056,-73.256667
49.213889,-74.4025
49.658333,-75.188611
49.504722221754,-79.334444417618
55.971389,-70.604722
57.031251336448,-68.774604373612
58.281389,-77.601667
52.332778,-72.523056
56.429722,-64.312778
55.103611,-65.684444
60.865280865692,-71.788996760733
56.423333,-72.365833
55.235383571126,-66.427326486446
49.401111,-75.194444
55.463611,-75.695278
52.337778,-72.459444
49.798611,-75.158056
55.216111,-70.097778
49.071111115627,-79.383888929151
50.637222,-74.613333
52.283333,-72.548889
50.649722,-74.642778
55.225105765276,-66.358433528803
56.221111,-74.019722
56.442222,-70.849167
55.274167,-70.191111
55.714845196344,-68.996584243141
55.563056,-70.050278
57.052222,-75.141111
49.583333325572,-78.078888882883
57.00847259257,-68.47458856646
55.090110604651,-66.13592333626
56.061667,-67.093611
57.684312737547,-65.8638859028
56.492352630012,-68.634334648959
58.281021094881,-70.224606483243
56.275,-67.0625
49.561389,-75.1175
54.806667,-71.931389
49.726944,-74.374167
57.052088496275,-69.88937729504
49.283889,-76.651667
58.598889,-68.773333
55.923164910637,-67.385390005074
52.092778,-71.337222
55.730375354178,-66.6031757975
52.068333,-75.009167
61.612508087419,-73.317466727458
59.759959965013,-74.573981487192
49.738889,-74.0475
49.561179368757,-74.943487378769
52.355278,-70.670556
49.571388862096,-79.05388887506
49.689167,-75.331667
56.322909020819,-68.817125936039
52.146766078658,-76.107483110391
52.338056,-70.679722
55.232323925011,-67.622067290358
58.691582721658,-70.146253039129
57.412095260806,-69.141825693659
55.251389,-70.952778
51.356111,-72.478056
52.076389,-71.265833
50.122586670332,-76.128838774748
56.371242008172,-68.039022800513
51.923333,-71.475
56.062622428872,-68.081254432909
52.380833,-70.6575
52.219167,-71.173333
52.044444,-71.486667
49.783611,-75.407222
50.245942217298,-77.18442464713
52.309722,-70.644444
51.68,-72.835
51.354722,-77.186389
50.039444477297,-79.062500023283
57.819865881465,-68.179816980846
51.797305089422,-74.585741548799
49.570278,-74.288056
49.974791673012,-74.341805283912
49.727299637161,-75.771317160688
52.283889,-70.705833
58.094629193656,-70.673524788581
49.585,-74.243056
50.199722,-73.926111
49.673611,-74.432778
52.143611,-71.188889
51.901111,-75.195
52.089722,-71.457778
52.735278,-74.843056
56.093462216668,-68.676563180052
60.954171703197,-76.942953416146
49.022299270146,-76.001035789959
50.804444,-75.298333
52.725556,-74.918611
49.461389,-75.377778
56.419722,-67.322778
53.58,-71.996111
61.469774871201956,-73.67534637451172
52.277778,-70.891944
52.329722,-70.666667
52.028889,-71.498333
50.029167,-73.855
52.224444,-75.701667
52.343611,-70.426111
58.679647478275,-70.627653230913
49.809167,-74.557778
52.019167,-71.298056
48.931667,-74.408889
52.939722,-75.853611
52.014167,-71.302222
52.368611,-70.708056
51.741111,-72.501389
49.848055536859,-78.585555567406
52.187303560786,-74.059340930544
60.330816940404,-76.271811244078
49.852500041015,-78.124999995343
50.1675,-75.124722
61.399182784371,-74.778091893531
53.136111,-70.355
55.276111,-71.119167
54.991944,-70.866111
56.559335351922,-75.215176041238
49.698611,-74.381944
49.748611,-74.748611
53.481111,-77.932778
55.270941699855,-66.343712056987
58.528611,-73.784722
55.39955010172,-66.811222429387
56.019444,-67.68
51.293056,-72.241944
56.726793204434,-66.784790852107
53.024167,-76.195
59.790556,-73.633611
52.256667,-70.936667
57.094444,-73.350278
56.460278,-67.865556
52.722035539337,-73.817937509157
56.825694800355,-68.362648333423
51.238889,-77.481667
49.689166671596,-79.231666694395
56.361796106212,-68.438490391709
58.306854791008,-70.188215193339
49.899722,-74.218889
50.121111,-75.138056
51.108142328449,-75.504655460827
49.915555589832,-78.53555558715
57.996557154693,-69.551811232232
50.131667,-78.168611
60.343313519843,-75.294005577452
55.0,-69.885
51.1775,-72.733889
52.004167,-71.281389
53.746389,-70.541389
50.086389,-74.541667
50.765556,-77.957222
58.347409707494,-70.090712453239
49.681666628458,-79.254166656174
52.024444,-71.31
51.683446322568,-75.829159249552
50.130278,-78.312222
50.988611,-77.389167
50.057778,-73.806389
54.863611,-71.155
52.446944,-72.046667
48.940556,-74.440278
52.0175,-71.461667
58.923056,-77.600278
52.067778,-71.533056
53.552778,-71.765556
52.051389,-71.308611
52.054167,-71.464722
54.851667,-70.942222
57.616667,-72.1025
52.803056,-77.558611
48.996111,-74.334722
52.439167,-77.478333
57.621389,-73.108889
52.070359583013,-73.060685950331
49.507222,-74.301944
55.885833,-69.164722
55.382045083679,-67.634569820948
59.928301102482,-75.155955967493
56.696802000515,-68.86100704316
49.430833,-75.495278
59.8775,-65.042778
56.007778,-67.475556
51.0725,-72.983889
53.377222,-77.506389
49.924167,-74.470278
51.537870266475,-75.418533249758
49.685556,-75.389444
56.108611,-67.019722
52.755,-74.672222
49.950833,-75.420556
55.595556,-75.481944
49.241944,-74.405833
52.370278,-77.661389
55.537895509042,-66.085117268376
49.072778,-74.516389
51.739827194251,-77.698615849949
49.695556,-74.444722
49.103679670952,-75.032096249051
49.003611,-74.424722
52.893333,-72.010556
50.114722,-75.413889
51.290278,-77.036111
50.0325,-75.21
49.625073778443,-75.55240934249
58.091009384952,-69.902678621002
52.218056,-71.1125
58.514635632746,-70.149871087633
57.062683389522,-73.168958346359
49.187222,-74.769167
52.145,-71.359722
58.337677395903,-69.47540783789
51.9825,-78.057778
49.766111117788,-79.368333290331
52.225833,-71.07
52.110380488448,-76.586945573799
51.009167,-79.0375
52.165658217855,-76.640558238141
50.690277800895,-78.949722186662
52.188333,-71.2025
55.027608345263,-66.123978118412
52.335278,-72.091667
50.05027775187,-78.546944414265
57.122640316375,-68.553753127344
51.353056,-72.450556
53.177778,-72.345
49.714722,-74.623333
52.026111,-77.0125
56.324294884689,-68.290705452673
60.452716047876,-70.175829590298
61.587523980998,-74.475293629803
49.656389,-74.834167
53.431111,-77.959167
49.326389,-76.750278
50.584444454871,-78.093888885342
52.366666984744,-70.55000001099
49.262222,-75.018333
50.086111,-73.897778
50.903611,-74.850278
53.050556,-75.901111
50.84194439929,-78.266388871707
55.087778,-76.805556
55.717320707627,-67.348725046031
52.556200674735,-73.524036970921
60.278029725887,-73.827523807995
57.072624829598,-65.712511749007
51.025362568907,-75.47715284396
58.899915008806,-70.212335209362
56.885,-75.146944
58.151944,-77.098056
59.019940928556,-71.933542848565
58.367778,-75.286389
49.311389,-75.473889
60.270501435734,-70.437824749388
58.351567550562,-69.5718051726
55.026496150531,-66.180369970389
51.438056,-72.431111
49.87064007204,-79.196156091057
49.168333,-76.604167
55.520556,-70.859444
55.433889,-70.196389
49.527499959804,-78.962222202681
49.370556,-75.521111
49.030346232466,-75.279047316872
52.011667,-75.830556
54.146389,-76.444167
49.94027776178,-78.567777802236
49.5225,-75.374722
52.063889,-75.935556
55.109167,-70.918611
59.09466735553,-74.632883970626
58.238223516382,-69.123431774788
53.087778,-74.491944
55.031389,-70.765556
53.511944,-70.256389
54.831944,-71.142222
49.203953887336,-74.290402089246
54.176111,-73.036944
49.99666668009,-78.508333344944
52.639816864394,-73.106242767535
56.764444,-72.886667
61.167227528058,-74.365317779593
50.1025,-73.900556
54.296111,-70.624722
52.0625,-71.378333
49.874444,-77.915556
49.928889,-74.368889
61.52744188157085,-73.7618637084961
51.309722,-72.554167
58.045457177795,-70.043241460808
55.357778,-65.965556
56.182222,-67.521667
53.791944,-74.422778
53.239167,-70.5175
54.149167,-70.870278
55.30288270209,-68.209589500912
57.301544076763,-69.803535710089
56.094444,-70.347222
61.44237840455483,-74.07051086425781
49.719167,-75.326111
59.226040611975,-70.161784118973
49.911944,-74.015278
58.202778,-68.952778
49.799999990501,-79.290833291598
58.525164895691,-66.342760375701
54.187778,-74.377222
58.246020949446,-70.215720660053
52.745278,-75.132778
53.016389,-74.647222
55.470833,-70.733333
58.135720551945,-69.210108281113
55.561509174295,-68.933245302178
49.759444,-74.097222
50.04,-73.957222
50.669830148108,-76.806641709991
58.027663822286,-69.294566684403
50.855556,-74.871111
49.458889,-75.305278
50.498889,-74.277778
49.008401487954,-75.254323887639
55.058718030341,-66.22203850653
49.086179514416,-75.183489597403
56.147646610625,-71.36554971803
49.741944414563,-79.398055518977
54.671944,-75.791944
55.447778,-75.193333
55.84205029998,-67.447894192301
55.206944,-70.835
51.448333,-73.346944
52.418333,-71.600278
53.810556,-70.367778
49.86118,-74.410694
50.755278,-74.638333
50.972778,-77.899444
49.4175,-75.753056
48.936111,-74.350278
54.821944,-70.914444
49.238888905384,-78.421666645445
49.301667,-74.466111
50.045277778991,-78.075833343901
58.216389,-68.662778
49.787222,-74.420556
49.796111,-77.35
56.085,-67.248889
49.053056,-74.3025
52.283611,-72.178611
61.440012878738,-76.503462321125
49.730000034906,-79.321388849057
50.154444,-78.819722
58.371944,-77.607222
49.750000010245,-74.066666965373
50.799722,-77.693056
49.083611131646,-78.513888870366
53.146667,-72.510833
50.017778,-74.2275
55.036667,-65.582778
55.623056,-71.7875
56.379444,-70.281944
58.679110701196,-73.133354452439
58.247967059724,-70.123495417647
50.597222,-75.243889
50.645278,-74.959167
49.97888891492,-78.791388873942
49.570833,-74.279722
57.673757574521,-68.282889244147
49.888611,-74.37
52.1175,-71.258333
53.340833,-77.337778
52.97454464715,-73.788211173378
49.244167,-75.594167
49.801389,-74.358889
53.215,-76.512222
51.334167,-72.220278
49.718611123972,-78.779722186737
52.062024199404,-73.565709111281
55.125556,-70.250556
50.515556,-75.043056
50.135556,-78.818056
55.712778,-70.869722
48.948056,-74.354167
57.343745618127,-66.261974838562
58.204614347778,-69.385956418701
58.448889,-74.993056
50.118611,-73.9375
53.626667,-70.043333
53.879167,-71.2075
49.901944,-74.353611
48.984167,-74.329167
55.012778,-69.100278
49.671111,-74.995833
49.884444,-74.364444
59.711356326006,-72.853856119327
49.056667,-76.2275
50.095833311789,-79.231111141853
58.563795913942,-69.710969324224
57.101389,-74.174167
50.098333,-77.785556
55.395103921182,-67.411511703394
58.189888936467,-69.185938225128
56.371244606562,-69.351863446645
49.066735510714,-74.711808222346
58.868333,-76.583889
55.014722,-69.137222
56.928195836954,-67.743727345951
49.965833,-74.2925
55.693990015425,-67.557059512474
56.722222,-74.172778
56.304167,-73.635833
58.274901886471,-69.857388348319
49.306944,-75.781111
60.792779498734,-77.503248606808
55.241944,-70.205556
51.842592009343,-75.237996694632
52.67,-70.996389
55.527322911657,-66.919009513222
49.905833336525,-79.232222246937
55.210104924627,-67.290121545084
55.267778,-70.268056
55.743889,-74.016944
58.203784539364,-69.683767030947
49.161667,-74.888333
55.279722,-71.076389
49.906111,-75.89
55.794444,-69.256944
52.998889,-74.704722
49.681388852187,-79.281944450922
50.580833,-74.184722
56.826111,-65.905556
53.895278,-77.181944
52.541667,-70.778333
52.064167,-75.509167
49.158889,-74.765278
55.068056,-71.806944
49.153333,-74.909444
49.161389,-74.344444
50.368888895027,-79.213888929226
55.037778,-73.836111
56.014012084343,-68.249041275121
51.433611,-72.703611
53.270556,-76.007778
55.0475,-65.7675
50.5925,-74.791111
49.506666655652,-78.884999980219
55.475,-70.783889
56.081944,-67.936389
60.292471242137,-72.376863132231
56.9259723695,-67.663999604993
58.067708532326,-72.239985563792
52.330278,-71.395556
56.308889,-64.313889
60.885534309782,-70.300733610056
50.520278,-74.364167
49.365556,-75.595833
49.786666645668,-78.901111087762
53.783889,-70.644722
53.179167,-77.929167
55.282778,-70.626389
56.045125625096,-68.453493495472
59.176592580043,-69.742047409527
58.414444,-64.828611
53.408333,-74.611389
59.648846942,-74.332297523506
58.36740817409,-69.951821300201
53.4975,-70.504722
50.866111,-77.913889
49.803889,-74.542222
49.886389,-74.521389
50.883333,-74.199167
60.855558360927,-71.24198328238
50.704722,-74.939722
55.313333,-70.955833
49.851195733063,-79.513939940371
49.346389,-76.568333
58.273889,-65.319722
49.866667,-75.129722
57.844444,-75.908611
51.496111,-71.769167
52.307862234302,-73.320976146497
55.2975,-69.985
57.117913761176,-68.157054665498
55.072322362103,-66.334259281866
58.554068212397,-69.472628314979
59.551068772562,-73.895579162054
60.887774457224,-76.384036378004
49.523333,-74.278889
53.324444,-71.043889
51.827022624202,-73.452366250567
51.810091598891,-75.202158945613
49.8375,-74.404167
50.466666980647,-75.00000001397
52.627778,-75.207778
49.858055566438,-79.164444417693
52.357222,-72.632222
49.715833,-75.498611
54.550556,-78.295278
50.071666692384,-79.306666706689
57.817114018835,-69.577382574789
60.53415034432,-74.230331839062
49.658333,-74.426389
55.690387892537,-67.786800437607
50.041666687466,-78.730555535294
56.403745603748,-69.111021948047
55.215278,-70.951667
49.303611,-76.881944
50.4625,-76.016944
51.093973391689,-75.426595970057
53.126944,-72.564167
49.788333,-74.838056
57.943056,-74.081389
58.363889,-74.324444
56.074444,-64.172222
56.767636123113,-68.802947863005
51.115904725157,-74.57934087608
50.643611,-74.061111
49.447778,-74.765
51.263611,-72.297778
53.882778,-71.648611
50.371667,-75.572778
51.325073358603,-73.747651060112
49.860278,-76.08
50.453333,-75.226944
60.819437555037,-74.734234674834
49.144722,-74.259167
49.757585464977,-79.152002488263
52.242862083949,-73.137635677122
58.11797187198,-71.098818364553
53.660833,-73.374444
49.765556,-77.530833
50.934722,-75.461667
56.872361716814,-69.215183774941
61.446645305671744,-73.9486312866211
52.151944,-71.175278
49.9838888878,-79.474722188897
49.826944,-74.135833
61.151401321404,-77.220739074983
49.512777817436,-79.208611096255
50.000833324157,-79.161388878711
52.108611,-75.810556
49.936944446526,-79.041666635312
55.924167,-70.725278
53.142222,-75.4225
56.322351372801,-68.621558449231
53.751111,-71.27
50.824167,-74.940278
52.140913582407,-73.816275126301
55.377222,-73.205833
52.319251731969,-73.253751774319
60.221638041548,-74.640074889176
50.125278,-78.442222
51.548889,-76.279444
50.093056,-75.573056
52.184270904399,-76.84223361779
49.572777743451,-78.355555557646
49.748333,-74.986111
51.697299429215,-74.141837549396
49.095556,-74.730833
49.756666640751,-79.452777779661
49.118124120869,-75.039041074924
61.475023166277,-74.568082639016
58.541295281611,-69.602912175469
49.417778,-76.075833
50.118889,-73.891667
56.919304397888,-69.64213881176
50.496111,-77.094167
49.036389,-74.825556
50.885278,-77.838889
53.203611,-74.256944
53.268333,-75.470278
53.316389,-76.495556
49.824722246267,-79.312777784653
49.127778,-74.728333
55.386944,-65.556111
53.666667,-76.038333
56.266795028932,-68.490993711166
55.873611,-69.776111
51.990381977521,-77.710848567076
50.709167,-74.890556
55.197778,-65.758889
60.682765259407,-75.834840671159
51.914167,-76.881111
56.102222,-67.384167
50.948333,-75.577778
53.866389,-70.730833
51.97591280099,-73.399311318062
54.833333,-71.049444
55.919167,-65.812778
58.214722,-77.427222
51.665833,-76.271389
49.05090326909,-75.417664130218
53.036389,-74.711667
56.163056,-70.878611
54.324722,-77.088889
58.97046557162,-70.050930515863
51.067222,-72.889722
56.55,-72.711111
49.621753622778,-79.215909386985
61.025568502955,-72.254602680914
49.880278,-74.399444
50.522222,-75.1075
51.291111,-72.506389
54.585556,-71.1075
57.151574813761,-73.174511273392
54.985,-71.470556
55.383611,-70.727778
51.393056,-72.229722
49.905833336525,-79.159444444813
55.645833,-69.087778
55.697597251274,-66.941235805862
54.842778,-70.127778
55.1475,-70.164722
55.236389,-71.178889
50.169444442727,-78.351944466121
56.473333,-70.038333
60.378588926978,-74.179773540236
58.315,-75.843611
50.775278,-74.766944
56.069722,-66.275833
56.03790319059,-68.431826443411
53.026667,-70.596667
53.047778,-77.729167
55.818611,-70.123333
55.173056,-65.955833
53.390278,-70.591667
54.792778,-70.786667
60.226605744101,-70.259763370268
55.671111,-71.431944
58.199444,-75.209722
52.648333,-72.149167
52.421111,-78.070278
58.426944,-76.901389
50.106667,-76.749444
51.661667,-76.737222
51.789828264154,-77.609180440195
52.820278,-74.721111
49.635623828508,-74.463469781913
50.010278,-74.46
49.835556,-74.229722
49.580068239011,-74.608474527486
49.816111098044,-79.376111109741
50.352222,-74.262222
50.945,-77.595
55.885556,-75.636667
52.346111,-77.827222
53.741389,-70.038333
51.573159839027,-75.68691147957
53.389167,-77.675833
52.148889,-71.773056
50.845556,-73.063889
50.399722,-74.386389
53.497778,-78.865
53.358056,-78.436944
53.958889,-76.843333
55.148611,-77.009722
53.54,-76.143611
54.139722,-77.903333
53.098611,-77.268056
54.605,-75.031667
55.162222,-73.310278
52.906783414073,-78.684816746972
53.528333,-78.9475
54.206389,-78.212778
54.832778,-78.040556
55.066111,-74.745556
54.821944,-76.813056
54.748056,-74.639722
53.3375,-78.9125
52.459444,-77.786111
52.508611,-77.397222
51.394814648665,-75.504925861023
54.921667,-73.845
55.874569150619,-68.680181899108
55.737222,-74.768056
53.688889,-73.083889
54.965833,-74.595833
54.931389,-74.116667
56.360833,-67.028889
54.984167,-76.335
54.984167,-76.369722
53.280278,-78.107778
54.827778,-73.944167
51.276111,-76.064722
53.665556,-75.952222
54.563333,-78.074722
53.32,-78.846111
52.051389,-77.946944
51.065,-77.099722
50.545,-74.521944
54.749999963678,-73.983332994394
54.436389,-77.610833
56.630413136445,-68.972678803839
53.324167,-70.493333
56.878333,-65.278056
54.718333,-72.596389
50.966667,-75.657222
49.231944,-75.870833
49.750556,-75.087778
49.343056,-74.738889
61.364170652814,-75.853971946053
54.616111,-73.324444
55.37,-75.104444
50.619722208939,-78.911666669883
51.592046278529,-77.851371089928
52.488889,-77.193611
51.285653770901,-75.786348846741
59.476064988412,-72.438280773349
52.168056,-71.232778
49.670833353885,-79.242499968968
53.037778,-70.674444
54.071944,-79.053611
54.536231760867,-70.452212118544
50.147222,-74.823056
51.287778,-72.696667
50.628889,-75.396111
52.230278,-75.489722
49.695833,-74.198889
50.213333,-74.453889
50.337222232483,-78.576388866641
52.112860442139,-73.01901741419
50.466944,-73.426389
51.4225,-72.613889
49.250556,-75.928333
49.174167,-76.808056
55.009167,-76.891111
52.292778,-72.199167
55.189167,-65.840833
54.995,-75.951389
49.8875,-75.220278
50.804167,-75.692778
50.889722,-75.416667
58.259062687866,-69.599593863823
59.16799350176,-71.185169485398
54.668056,-72.280278
57.894896487705,-69.727114378475
51.267299,-74.699624
56.083458582871,-68.361821291037
56.34,-65.058056
51.903889,-78.342778
50.875833,-75.359444
49.893056,-75.993333
51.038056,-77.681944
56.964862388559,-68.910447112285
55.815833,-74.003611
49.986944426782,-79.333333312534
54.732778,-71.093611
51.684444,-73.600556
50.358889,-75.152222
49.080833,-74.677222
50.926944,-74.909444
52.386667,-70.806389
52.590278,-77.596944
56.873748167418,-69.402131731622
55.08427193854,-66.261483659036
58.017384926789,-69.181507215835
52.336667,-70.639444
52.3992519686,-74.936326467432
51.170833,-72.752222
49.868055596016,-79.405000009574
52.215637578629,-73.432647907175
55.476389,-70.610556
56.549024269916,-68.248476753943
50.892222,-72.715833
56.062222,-75.2425
50.05805557128,-78.711388888769
50.863611116074,-78.023333293386
51.701667,-71.624722
55.986231439747,-68.009308618493
57.462778,-64.296667
54.901389,-71.038611
50.748056,-74.873611
55.129167,-71.186389
52.372778,-70.628889
52.203889,-75.572222
57.640556,-63.886389
61.30944151897,-73.247212381102
49.215,-74.771667
51.352222,-72.401111
51.194444,-72.413611
51.137300957926,-75.108532165177
56.6625,-70.240278
52.203969717957,-73.84822090622
53.034444,-74.663611
49.995278,-74.031667
54.486944,-78.548889
58.139624255709,-70.036569130607
49.077778,-74.852778
51.890094014816,-75.430230195634
55.839553247206,-67.602905756794
54.341944,-76.933611
61.422785217874,-75.473390542902
53.932778,-70.628889
55.511667,-70.684444
55.17758758273,-68.031783686019
49.250000040047,-74.666666979901
51.61372020375,-75.767203574069
49.121389,-75.631667
55.463436967693,-67.522068922408
52.232861719094,-73.16097014118
51.476111,-72.262778
49.951111,-74.219167
56.018611,-67.208611
57.649167,-72.906389
49.182778,-74.408889
59.869686956517,-73.743624812923
59.702169005759,-71.304316059686
55.336111,-77.228889
55.666490583681,-67.47150559444
49.962222,-74.024167
54.034444,-76.866389
49.968333,-74.090833
49.976944,-74.985556
52.718056,-70.332222
49.870278,-75.675556
58.667778,-76.422778
49.455,-75.596389
55.595833,-73.2575
58.706944,-75.620278
56.270278,-67.168889
53.4875,-71.881944
50.594722,-75.452222
56.280556,-74.111111
50.884167,-77.3375
54.581389,-73.690833
49.188333,-74.252222
58.329444,-65.266667
49.771389,-74.445
53.801111,-73.151111
55.272778,-70.781667
56.02,-67.985556
57.695556,-75.609444
52.812778,-71.63
57.941003157757,-69.598764390685
55.951217715628,-67.061760616489
52.296389,-71.485833
54.297778,-78.2475
52.47119996231,-73.251529228874
56.933749937452,-68.581822444685
50.510833,-74.403611
55.365,-70.43
54.306389,-75.270833
55.512600853108,-66.80206452962
54.851389,-71.026944
49.833333,-74.49
56.412911885418,-69.036575309001
53.779278765433,-70.481114764698
49.158333,-75.933056
50.766389,-77.803611
50.961389,-77.755833
49.506389,-74.715833
49.014167,-74.9625
53.061111,-76.590833
55.373333,-65.714722
49.836389,-74.321944
52.984722,-72.094722
58.288889,-65.636111
55.32,-70.277778
52.395363268442,-73.528483067639
52.755,-74.718333
49.020555582829,-78.424444408156
54.451667,-72.628333
58.379896036349,-69.261500579305
55.635556,-76.205
56.416111,-71.826111
55.329722,-70.793056
58.391020749696,-69.967931234278
52.265360201709,-73.599320710637
55.465278,-65.516111
49.522778,-74.902778
55.722318836488,-67.017625956796
49.947778,-74.334444
50.524822804146,-76.077723330818
52.029167,-75.521111
55.928056,-70.520278
50.601111,-75.211111
57.086251960136,-68.774045803584
51.654722,-73.756667
51.153977089562,-75.549380625598
49.983127391897,-75.117955519818
55.693983896635,-66.773735876195
52.390833,-70.465556
51.778705646284,-75.353000932373
49.362778,-74.411944
50.2525,-79.021389
49.010901474394,-75.150709399022
49.02583333198,-78.603611108847
52.216111,-72.835556
53.394722,-74.033056
51.452778,-72.7525
51.882031462155,-71.438418631442
55.216770633124,-66.491215950809
52.428056,-72.905
49.775833,-75.032778
53.197778,-74.731944
55.10177184362,-67.409573975019
49.612777777947,-79.121666704305
52.182222,-71.115278
50.420277756639,-79.215555586852
52.055278,-75.684167
49.578611,-77.015278
55.715956552885,-69.298537024297
61.361371097155,-72.330853440799
50.240278,-76.719167
51.641769488342,-75.65802056808
56.166389,-64.733056
53.785,-70.678056
50.433332989924,-73.549999999814
49.021111,-76.39
50.150556,-79.2875
55.733709423803,-66.848728428595
56.266944,-76.075278
49.519444,-74.288889
54.386389,-75.831111
49.868611,-75.041944
52.657778,-74.748889
52.571389,-74.653889
49.243611,-75.850556
57.181389,-76.233056
56.1575,-67.548333
55.225380104966,-67.597623397596
54.951667,-73.3675
50.851944428869,-78.013611123897
49.070555563085,-79.364722198807
59.184656557627,-70.669310367666
53.011944,-77.456111
52.208159663714,-76.823899545707
57.382648880593,-68.975431756116
55.955278,-64.550556
50.023611,-78.3075
49.635556,-74.378056
49.295833,-74.7825
52.753333,-74.329444
56.334444,-76.478611
53.130833,-78.266944
54.178611,-77.455
54.566667,-74.428889
58.853611,-77.610833
55.192222,-75.667778
49.811944,-75.106667
50.938333,-77.327778
57.126798997633,-66.511437795125
58.492416967638,-70.349319563247
57.4457070278,-68.700414304622
60.084979995154,-76.847077854909
49.759167,-74.221389
50.074444455095,-78.590277764015
53.538611,-70.256944
49.876477899961,-78.631983851083
61.543078017421,-75.152548304759
49.473889,-75.606944
52.361111,-70.299444
56.602222,-65.7525
59.705239129253,-75.277641504072
55.201770714484,-67.3817901453
56.004444,-67.887222
52.426667,-75.260833
56.704301624559,-68.615994961001
50.648889,-75.112222
56.724895709194,-73.294527637772
53.755833,-70.571667
55.052222,-69.058333
52.885833,-71.11
55.94565925654,-66.891759443097
49.057499994524,-78.687499961816
56.737913475372,-68.817115710117
56.606521611102,-68.566550365649
54.228889,-75.889167
49.531667,-75.169167
56.01595827844,-68.410437921993
50.738333,-73.38
50.56111108046,-78.671111078002
49.486667,-75.465833
55.498991492204,-67.015397292562
60.448038862087,-75.802339757793
51.135095260106,-75.861067562364
50.178333367221,-78.212222247384
59.130833,-74.374444
56.029444,-66.156111
59.45301131811,-73.99948190432
49.155555521138,-78.495555552654
49.786457433365,-74.516251296736
55.334828146733,-67.180119291879
49.516944461502,-79.057777742855
56.649999967776,-64.200000003912
53.003333,-73.781944
61.126093170606,-75.490366830491
61.168329580687,-75.131174954586
54.154444,-74.903333
56.9525,-64.361389
49.180556,-75.678611
53.654722,-75.974167
51.771667,-72.668056
49.2025,-74.945
50.611111,-75.205556
53.711944,-70.461389
57.035,-64.936944
50.901944,-75.156944
49.046667,-76.280278
60.885273381136,-74.562558042817
61.500569279306,-74.031109423377
50.676389,-75.298611
55.284444,-76.377778
49.601944,-74.29
60.113548873924,-70.245891571976
61.383621445857,-73.963898378424
55.456216963939,-67.206230931915
56.487778,-76.178333
49.612777777947,-78.138611116447
50.692222,-73.064444
54.527778,-72.023333
50.154167,-74.161667
59.641611599363,-70.981530980207
55.430382932536,-66.723445462994
50.831111,-75.128889
50.353056,-74.302222
52.8625,-74.157222
49.702778,-74.172222
55.132046104409,-66.37093287427
49.843888892792,-79.258888852783
58.346844012849,-69.402899933048
60.441928789951,-75.970122828148
49.337222,-75.019722
53.335,-72.407778
54.028333,-77.726944
57.662949026562,-69.801568142138
49.220833,-75.6425
55.076111,-74.015278
56.054847710766,-69.272413984872
49.2975,-74.707222
49.657222,-74.316389
50.850278,-79.108611
49.3075,-75.721111
55.136389,-70.857222
49.908056,-74.488056
52.8125,-72.927778
55.549722,-73.873889
58.434722,-76.285278
59.2824247526,-69.353427845053
53.060833,-78.106389
52.736667,-78.094444
56.433056,-73.396111
52.572222,-77.085278
53.55000001844,-76.016667033546
54.420833,-75.530833
52.739167,-77.422778
53.174167,-78.930556
54.457222,-74.796944
54.777778,-77.151667
54.863056,-77.758611
54.288333,-74.5175
54.6625,-73.641944
53.843333,-77.221667
54.397778,-75.530833
57.479041605257,-68.517349096946
56.399444,-67.593333
56.86874106992,-66.788400853984
55.037222,-69.807222
56.786250150763,-68.299035220407
57.054307437502,-68.821549820714
56.558187701739,-68.719614730217
55.038611,-74.692778
52.639444,-77.326667
57.385278,-63.803333
49.711111,-74.153889
50.543888867833,-78.403055551462
58.373611,-68.585833
61.276670373045,-73.666117270477
53.544444,-70.337778
58.703056,-77.668056
58.378056,-77.388333
58.675833,-77.7375
58.398611,-77.490556
56.472778,-75.8325
51.014722,-77.0025
54.765,-73.533056
54.740556,-73.531944
51.1825,-77.653333
54.709722,-74.152222
53.433332978748,-78.883332987316
52.868333,-76.038333
53.215,-78.375556
54.749722,-73.663889
57.584877298214,-68.732343069278
49.717778,-74.470833
51.613611,-72.165556
54.410278,-78.719167
49.011179250665,-75.238767913543
56.171241584234,-68.757679299451
52.698611,-75.350278
58.435833,-76.532778
49.687844174914,-74.143736469559
59.33967164252,-72.207713057287
59.954967373051,-73.241370613687
55.000278,-71.724444
54.883056,-70.897778
52.115932912566,-76.095539149828
55.855556,-69.007778
52.971667,-77.541667
52.521944,-77.499444
52.966666999273,-76.599999968894
49.136666650884,-78.631666679867
50.209167,-78.828056
52.392863952555,-73.309308872558
49.571111085825,-79.030833360739
54.31,-76.5525
49.770278,-74.067222
51.149722,-72.840278
56.394853913225,-68.049578634091
55.893168258481,-67.659576055594
52.222778,-71.296111
60.486611374654,-70.280830948614
49.155833,-75.606111
59.105556,-75.691389
49.667222,-75.128333
50.516666960903,-74.183332999237
55.297047304921,-66.62620884832
48.984722,-74.469722
49.047777741216,-79.422777774744
53.122222,-70.5375
49.321111,-77.745556
52.693976028822,-73.988502784632
53.802778,-72.881111
49.107222,-74.402222
50.126667,-77.9775
52.253889,-71.112222
50.150555572473,-79.118888857774
55.055677327327,-70.025797463022
50.36694446113,-78.740000012331
51.103333,-76.016111
55.338333,-70.681667
52.925833,-74.154444
55.996667,-69.9825
55.1875,-71.152222
50.027222,-75.344167
54.315833,-70.519444
57.621111,-75.299167
49.117778,-74.428333
51.156188822351,-74.956302889623
54.758611,-71.071944
49.412778,-75.091944
52.192778,-71.113611
55.119444,-65.774167
56.088459058665,-68.49515884649
53.773889,-71.1725
53.165556,-72.009722
59.938889,-76.691111
49.313056,-74.380278
49.393889,-76.021667
49.213889,-75.813889
55.251389,-71.071111
56.46,-67.69
54.916667,-70.082222
49.947222252376,-78.719166708179
57.934893001802,-69.635990434326
56.258056,-66.266389
49.798889,-75.004167
55.662321844138,-66.50457192678
49.3625,-74.708333
57.873056,-71.445
52.859167,-76.193889
54.762778,-73.806667
60.046369847842,-77.278173216619
60.054098297842,-69.716997002251
58.465517931618,-78.108080285601
49.62175513152,-79.046179787256
53.581667,-71.075278
52.5275,-75.730833
51.726205260493,-75.309937396087
51.42787664663,-75.689674322493
58.892222,-73.110556
55.538441422395,-67.796799545176
54.977222,-74.039722
51.176944,-76.065556
57.684871139936,-68.375389329158
49.35,-76.375
52.438333,-77.939444
54.174167,-77.627222
58.387222,-77.485278
58.375278,-77.548056
58.909722,-77.776111
61.547243320383,-76.860984019004
59.738293248229,-74.817056092434
57.940147281624,-65.005801054649
60.449700322933,-71.538706175052
58.686667,-68.883333
59.278821540065,-70.425127674825
60.093820388429,-69.840885302983
57.382357609458,-65.917236465029
58.381389,-66.381111
58.612967259251,-69.991529895924
57.491111,-71.626111
58.8025,-78.1525
58.603889,-77.250556
60.80389205832,-78.048004000448
58.411944,-68.398889
61.300001735799,-73.455824791454
58.524629962631,-69.68819368165
58.248777925037,-68.982588476501
58.629167,-77.885278
61.169179673307,-77.36324517522
57.511389,-66.780833
58.918889,-65.756944
59.853577776812,-73.01997043658
61.434447211213,-73.236074843444
60.159383132122,-70.279776505195
60.100208655931,-69.785049506463
55.943056,-76.593333
58.318889,-77.8275
60.859447899275,-77.908000652678
61.36584166903,-76.289839711972
58.512778,-77.936389
58.678333,-76.312778
61.524740089662,-75.340332356282
61.249182089232,-77.349908142351
58.124322001822,-68.494525342248
58.221823065542,-68.410905129276
58.174722,-77.402222
57.866111,-75.068889
58.351389,-77.619444
61.457523596473,-74.663365012966
57.880833,-67.8725
58.448611,-77.988056
60.122429919429,-69.717544424348
58.739889976569,-65.971911200322
58.493296229281,-78.077522967942
58.054722,-76.545278
58.303056,-77.623056
58.835278,-78.330556
58.030833,-67.44
60.149095854722,-69.814210399054
58.667222,-75.977222
61.476122117601,-76.127603785135
61.525567132048,-75.837861089967
60.17970606219,-77.007366833277
57.921389,-75.423056
60.149097028188,-69.882822898217
58.178611,-68.991389
58.633239059709,-69.689297578298
60.063542355783,-69.650327092968
58.196389,-67.148889
60.148833082058,-70.496184169315
49.074722,-74.465556
50.599167,-76.534167
52.69759374205,-73.326526978053
55.926667,-74.262222
49.856388908811,-79.367222185247
49.065278,-76.949722
52.0125,-75.600278
58.572942749597,-65.991081199609
58.867222,-77.0575
48.948611,-74.338889
57.335556,-74.999167
57.563333,-74.643611
57.333056,-75.252222
58.268333,-77.591944
59.213056,-77.398889
58.047222,-77.006111
59.502155003138,-69.961769026704
61.487464257516,-72.302062609233
58.417778,-77.746111
59.681875160895,-69.701195438392
60.962475235574,-70.164599851705
57.930833,-67.940278
58.760833,-77.25
58.684722,-77.031667
58.491111,-77.939444
58.486667,-77.758611
58.468611,-74.665556
58.588795359246,-69.697078499012
49.6,-75.340278
58.117109457962,-69.312893799506
58.106552870013,-69.101771763526
55.458333,-74.408056
53.3775,-70.472778
53.038889,-70.540278
55.220556,-70.284722
59.886353951879,-72.941631157883
53.921111,-71.056667
55.407321718521,-67.655123672448
58.00073243212,-69.823230165057
58.001667,-66.647222
53.702222,-70.196111
49.381389,-75.666667
49.518611,-74.886667
55.000278,-71.354722
49.750640890561,-79.317295630462
58.115833,-68.755
49.821944399737,-79.325833353214
55.268056,-64.240833
49.59305557888,-79.12055559922
58.85157615412,-69.65594062116
55.600833,-65.419722
56.916250200011,-68.49292984698
60.801391485147,-77.970778425224
50.615,-74.797778
60.321332314052,-70.346977240406
49.611463579349,-75.657414807938
55.350833,-73.635556
49.451111,-75.058333
49.956666645594,-78.743611103855
49.835,-75.308333
50.281388866715,-78.543333322741
52.333611,-72.218889
52.334808292799,-70.832819170319
61.579178790562,-73.798591992818
52.292862064205,-73.29958670307
55.257778,-64.473889
55.253441291861,-66.146202147938
54.8,-77.735
50.779167,-75.06
49.694166644476,-79.079444459639
49.787499974482,-79.474999965169
52.697778,-72.283611
55.811779811047,-67.794861146249
49.936111117713,-78.911666669883
53.108056,-72.873889
50.085,-74.128611
50.828888914548,-78.176388856955
56.125,-65.192222
57.383333,-70.256944
55.65428418573,-68.656845507212
49.265278,-75.914444
55.686503718607,-67.935417615809
55.820939051919,-66.142595834099
55.576220587827,-66.338185868226
59.318555784412,-71.864361050539
51.718889,-72.777222
57.823227108456,-69.666277435608
49.972778,-73.973889
49.221732574515,-74.36623911839
49.935556,-74.025556
51.285556,-72.234444
60.371893630363,-70.417533083819
49.868611148559,-79.263333356939
49.845278,-74.315278
50.966389,-74.960556
53.470278,-70.301944
49.285833,-76.021944
55.645556,-76.768333
54.600278,-71.655833
61.53695109766,-73.272459008731
58.448889,-73.247222
54.188611,-70.586111
50.571111,-76.427222
55.443056,-63.9525
55.840935925953,-67.207605731674
49.331944,-76.523333
50.856667,-77.698611
50.398611123674,-78.131111073308
55.567617234774,-68.628505622037
49.695,-74.174722
55.011667,-69.975833
56.283333,-67.743889
49.124515489675,-75.492669590749
54.883333,-71.087778
49.041111,-74.81
49.901111,-73.916111
51.551236133091,-75.960869374685
53.173889,-70.464167
56.298889,-67.850556
56.035399683751,-68.080699550919
52.766482927836,-73.700708798133
49.995556,-74.255
52.712870598771,-73.690431327559
54.894444,-70.114167
49.259444,-75.396944
58.02822616417,-69.654597840272
53.372778,-73.235
49.591666697524,-78.830277803354
49.023333,-75.594167
59.370833,-76.708056
55.155935534276,-67.055389531888
53.494444,-70.969444
49.575,-74.277778
53.487222,-70.267778
55.910833,-73.665833
56.131794000976,-68.558218167163
57.078475062735,-68.885718067177
61.234896918631776,-73.80615234375
51.476389,-72.359444
49.110556,-74.76
60.35217620898,-70.521157463081
54.827778,-72.924722
55.754546835087,-67.613176773302
49.246111,-76.412778
49.971944,-74.643611
59.141667,-76.756944
50.168611,-75.495556
58.840556,-77.883333
53.261389,-73.081667
54.663611,-79.504722
58.743554879911,-72.629158250056
55.2575,-70.855
51.266944,-72.224444
55.088056,-70.825833
52.500278,-77.106667
52.473889,-77.159444
57.593889,-67.063056
49.414722,-77.782222
49.139722189866,-78.368888902478
58.406111,-77.460833
58.845833,-76.261389
52.235833,-75.774722
52.283333013766,-71.183333010413
60.214115283452,-70.593682718463
49.816111098044,-78.324444447644
49.79,-74.702778
59.329655100591,-70.314565761946
61.375838010572,-73.487483826466
60.597762619145,-71.225902936421
53.133611,-74.606944
54.828611,-70.53
55.200381246395,-67.111503439955
50.116944,-78.814444
58.16461531911,-69.562917002477
50.635556,-75.330833
56.334722,-66.698333
51.751222475432,-75.862768418156
50.698056,-74.074722
51.483056,-72.743333
57.642778,-67.203889
54.318889,-71.401944
50.187222207896,-78.387777772732
50.619444,-76.643889
52.458611,-78.075833
49.508122340776,-74.288460672833
49.243889,-74.238333
55.351944,-70.996389
57.964444,-67.945833
58.139444,-77.143056
58.408056,-77.416111
58.606389,-76.921389
53.361944,-72.082778
50.836111,-79.07
61.469684480689,-72.105928757228
57.345151095651,-69.271834711544
51.257222,-76.755278
54.785278,-76.831944
51.405278,-72.491667
50.478333,-74.576389
54.270278,-76.454444
55.294444,-70.676944
55.28399433475,-67.112061758526
49.263611,-75.863056
61.564652449451,-71.825664150529
58.567680842243,-69.524019104429
58.836944,-75.293056
61.566968788393,-75.028376611881
59.21,-65.444444
58.979444,-74.331944
54.795278,-74.033056
58.210709332488,-68.119502062909
58.939444,-75.925
58.236667,-64.536944
57.587377200834,-68.649566159584
58.283332991414,-77.61666698847
49.742222190835,-79.26611111965
54.811111,-73.993056
52.053889,-77.621667
60.312486640178,-76.949586351402
54.363611,-77.908056
55.6725,-74.020556
49.598333328031,-78.761111092754
55.164167,-78.070556
55.088333,-78.124444
52.945833,-76.173333
52.944167,-76.045
54.733889,-74.313889
50.852222,-75.591667
49.893333,-74.385278
49.078611,-74.380833
58.065730570816,-69.817391750403
55.765377175994,-67.539281831123
53.430556,-72.941389
55.570392902009,-66.18762308266
57.6425,-76.422222
50.771389,-74.269722
54.691944,-78.878611
56.359298550524,-68.841848275624
50.633889,-75.283056
53.143056,-76.015278
52.67314708326,-73.720711120404
57.803765586577,-68.780394508503
54.949444,-76.833611
49.870833,-75.214167
58.489722,-76.716389
49.843611,-74.627778
49.636111,-74.810833
55.037883049808,-66.254817447625
49.816666650586,-79.493055590428
56.605125772767,-66.980357249267
55.296215987764,-66.541211907752
53.353333,-73.918889
55.931777902879,-67.469007116742
52.670278,-74.161667
56.730970158242,-69.322409438901
51.736207972281,-75.439393795095
49.98138890136,-78.943611108698
49.402778,-75.757778
55.373056,-69.629444
58.932722783647,-73.718097810633
58.10382372234,-72.750289239921
56.411944,-66.166111
55.156212891452,-66.41732620541
50.098888850771,-78.20833329577
53.254167,-77.365
49.720833,-77.466389
49.9225,-75.123333
49.116944,-76.338056
59.766667,-65.041111
54.465,-71.301944
51.299444,-76.232222
52.411111,-70.543056
55.615399950184,-69.134364542551
49.609167,-75.867222
53.164167,-77.034722
60.807443554513,-69.967937688343
49.889518213458,-75.373521926813
49.818888860755,-78.716944414191
59.598333,-76.849444
55.791111,-69.100833
53.065833,-72.690278
58.401389,-76.122222
59.784659002908,-69.964807550423
59.86161895562,-71.549596195109
51.83649551589,-75.913041816093
51.556111,-76.356111
61.469463952817,-76.976825608872
54.604444,-76.203333
54.651667,-74.167778
51.252045943402,-75.977194639854
49.823056,-74.586111
49.0875,-74.410833
55.355103383772,-66.682876381092
59.821046688594,-69.842300671153
59.832435683347,-69.835077398457
57.973056,-67.629444
52.283438709565,-76.975573520176
52.143611,-78.216667
49.151457692496,-75.101543250494
55.555402790196,-70.243294104002
50.633056,-75.484444
61.051616775803,-69.63568022009
49.987777755596,-78.926944448613
50.117778,-74.120556
55.955278,-72.332778
53.530556,-78.985556
58.773889,-76.294444
58.423056,-76.427222
58.2425,-77.501667
58.334076781757,-70.204046680592
58.096389,-67.070556
57.690978948958,-66.368622151203
55.275,-65.975556
52.076667,-77.856111
49.326667,-75.429167
54.495556,-77.488889
51.762778,-78.745556
56.914444,-65.010556
49.263333,-75.5275
55.042778,-76.850556
54.423611,-75.381389
53.840833,-73.465556
55.102222,-77.427222
59.902222,-70.525278
53.401111,-78.7225
60.16492868308,-69.778651599772
60.173261803575,-69.758372087963
60.297702723183,-69.809185280465
58.627405338921,-69.664019937627
53.751111,-73.021111
58.852778,-76.6425
58.661555475555,-66.473876307718
53.076667,-76.723056
54.204722,-78.780278
58.224167,-77.005
54.724722,-75.318889
54.201667,-77.664444
55.168333,-77.019167
53.643176439218,-72.888436331414
54.615,-76.493333
54.030833,-78.674167
51.821767757647,-75.744693805464
53.516667,-77.723611
57.007363331504,-68.976558451541
50.266944416799,-78.311666655354
55.735556,-74.718056
53.601944,-77.606111
52.084722,-78.160278
54.426389,-78.819167
56.735451291315,-73.67037770804
52.908056,-76.128611
54.983889,-73.983333
55.393056,-73.548333
52.921667,-76.141667
52.962222,-77.533333
52.726389,-77.208611
52.098056,-78.388889
52.646944,-77.731389
53.909722,-78.909722
53.113333,-77.176944
52.573333,-78.070833
52.988333,-77.031944
54.194167,-76.794444
53.130833,-77.474167
54.619167,-75.433611
54.000556,-74.941944
53.0225,-77.583333
54.846389,-75.409167
54.788056,-73.9275
53.166667004116,-78.74999995809
52.512222,-75.191111
52.959444,-77.523889
49.9,-74.553333
51.596944,-71.706667
56.059569236822,-68.344321805052
56.932639000006,-68.528208439238
55.348611,-64.595
55.165658039041,-66.390380649827
58.234722,-68.8275
61.84113681782,-76.266498207115
60.343888853677,-74.756944435649
49.694722,-74.538333
49.438333357684,-79.479722245596
53.445556,-71.127222
49.18333298061,-74.950000033714
54.845278,-77.703333
55.617596008815,-66.68512809556
55.628706305288,-66.720405346714
55.51260755863,-66.501797768287
57.218611096032,-70.126388850622
55.075556,-65.703333
58.359167,-77.625278
61.335911317728,-71.775939096697
55.620833,-77.091111
59.138006237336,-73.289456334896
59.3875,-76.175556
54.371111,-76.476389
53.79,-78.834444
52.940278,-77.143889
54.845556,-77.613056
53.125,-77.696389
57.107362370007,-68.517084312625
58.762117694132,-69.184557138942
54.061111,-71.343611
60.086597534828,-69.717827062123
60.017473991029,-75.571255548857
54.130833,-76.416389
52.751111,-75.7725
52.541111,-75.4875
58.393889,-77.400833
60.845282315277,-78.108008285053
59.810768631287,-69.837856921367
58.484962857328,-78.103913138621
60.77909654472,-69.781541847624
59.809103985317,-69.980083904229
59.798002573662,-71.044857013039
60.622218330391,-77.259615263902
59.08050369937,-72.731092837639
53.043056,-72.851389
55.218611,-73.954722
52.5875,-77.803611
52.673056,-77.631944
55.794002632611,-67.834028606303
49.073611,-77.590278
58.15017816145,-69.961846559308
60.067778,-69.748333
52.515556,-78.115556
55.732319704257,-67.229837137274
49.053333,-77.140556
50.828611,-74.769444
49.941111,-74.060278
49.892778,-74.365
52.420278,-70.793611
49.944513640366,-74.254579343833
62.359539926983,-73.488233420067
50.712778,-75.050556
58.19739384111,-69.557641013525
49.139166637324,-79.095833343454
50.175833,-75.171389
50.881944,-72.439444
49.642222,-74.698333
50.0775,-75.103611
49.21,-74.453611
50.007778,-74.241111
56.343333,-73.284722
53.947335756384,-71.749491929077
57.029348979704,-73.177293059416
49.752222,-74.030833
58.106568963267,-70.210468475707
49.545555585064,-78.599166688509
55.712778,-76.975833
58.273827075027,-72.625833651982
61.084722192027,-75.786111135967
49.030556,-74.905833
59.330556,-75.796111
52.036389,-71.331944
55.935678672977,-68.318769405596
49.072777773254,-79.434444461949
58.201389,-77.454722
52.712778,-77.541111
57.211111,-64.325
58.798333,-65.249167
61.805580700748,-76.320669022389
58.633499653079,-66.462764334865
52.663611,-77.017778
58.525163135491,-65.618009814061
52.030278,-78.139167
53.978611,-78.456389
54.020833,-75.994444
54.1025,-76.971111
54.081667,-76.230833
54.290278,-73.087222
55.995430075563,-72.663942477666
53.958056,-76.919167
51.68,-72.917222
54.834167,-77.808333
51.691783885472,-77.120030424558
53.353611,-76.476667
52.901389,-77.608056
52.915,-77.6125
54.278333,-78.0975
54.518333,-74.234167
52.625,-77.696111
54.833333,-78.446389
54.255,-78.362222
54.264167,-78.290556
53.903333,-78.815
53.773889,-76.501667
52.236389,-78.358056
52.236111,-78.298056
53.181111,-71.876111
53.322222,-77.485556
53.037222,-76.098889
52.231389,-71.7875
53.494722,-76.061944
52.559444,-77.008889
56.422629696317,-68.678228161298
55.34181764815,-77.655579471029
54.807222,-74.260833
53.1375,-77.295
54.002778,-78.3475
51.987222,-78.080556
52.050278,-77.745278
50.951389,-77.558611
52.126667,-77.1325
50.457500028424,-76.214999961667
52.391389,-77.811111
52.5325,-78.311111
53.0375,-76.664167
60.76520639006,-69.776544976048
61.201672791503,-76.30485790316
58.59238574747,-65.507170544006
54.192222,-72.400833
53.967778,-77.613889
54.095,-77.355833
54.037778,-77.506389
54.193611,-77.586389
60.267703053541,-69.766413769685
59.585515460931,-73.547783656977
59.080750546418,-69.88510269206
60.108263664879,-69.726435528137
61.588071906008,-75.440337429754
60.719369533472,-69.740442442708
60.290516247042,-70.91982583981
54.122778,-78.473056
55.116389,-65.959722
53.1375,-77.371111
51.822054167278,-77.249467042275
53.138611,-77.813056
54.11,-75.018889
54.461667,-76.474167
54.965,-75.475
54.2125,-75.503611
54.805278,-77.397222
58.421667,-66.903889
54.32,-72.595833
54.641389,-76.563889
53.105833,-77.671111
58.334722,-77.898333
59.313611,-76.001111
52.129271035083,-76.848622807302
54.0125,-78.224167
54.676389,-73.627778
55.244444,-74.960278
54.050833,-76.095556
54.9375,-76.1725
54.578611,-79.396111
53.414167,-77.637222
54.648889,-74.111111
54.770833,-74.898889
54.055556,-75.724444
54.109722,-78.106111
49.562778,-75.374722
49.97888891492,-78.290000022389
58.396011586301,-69.424014198594
49.260833,-75.208333
49.679789333604,-74.233461054973
59.114924068563,-70.142059070058
51.158611,-72.565278
49.706944,-74.573056
49.899166706018,-79.020277778618
57.954444,-67.993611
56.284573716111,-69.974899613298
57.861389,-70.471944
52.802778,-70.878611
58.946389,-65.543333
59.69298788812,-69.795086248778
54.334444,-76.694444
52.781389,-76.793333
52.068889,-77.554167
53.855833,-76.151111
55.975833,-75.744167
56.038889,-75.747778
52.461111,-75.221944
54.433889,-76.570278
53.510278,-78.501667
54.961111,-76.581111
52.602778,-77.935556
52.320278,-77.84
53.115278,-77.424722
49.261944,-75.081389
55.061773736961,-67.108728946187
55.475936480798,-66.964284447022
58.944905041717,-69.516220330261
49.120624107309,-75.022929548286
51.586189004593,-73.006792156957
55.267607462592,-66.311764097773
49.813889,-75.129444
52.3775,-70.589167
49.668333,-75.440556
49.933402589522,-74.426529393531
59.32583337184,-75.160555536859
55.029444,-78.354722
53.981667,-78.806944
49.738056,-75.221667
49.101389,-74.873889
52.011944,-77.531944
53.429167,-78.955
54.582222,-77.702222
52.685278,-77.605278
54.070833,-77.342222
54.096944,-77.735556
54.989167,-76.686667
53.504167,-79.011389
53.997222,-75.156944
52.900000023656,-78.350000032224
53.218333,-77.746389
51.996389,-78.198611
52.133611,-77.169722
55.688333,-75.263889
54.0325,-75.519167
53.533333,-78.422778
53.710833,-77.845833
54.984722,-76.588056
53.468333,-79.042778
52.12454917375,-76.971959327348
52.791667,-77.280278
55.521667,-73.87
53.1325,-78.758889
54.709722,-75.0325
53.150278,-77.551944
53.665,-77.703056
52.555833,-77.515
54.042778,-77.785556
53.935556,-78.048889
54.822778,-78.040278
54.181944,-74.071944
54.108889,-78.308611
53.101389,-77.222778
52.881944,-77.498611
53.362222,-77.632222
52.538333,-78.508333
53.146389,-78.771667
52.069167,-77.871111
52.537778,-77.456389
53.523889,-78.6475
54.941389,-76.412222
54.984444,-76.529444
54.627222,-77.344722
61.080566444434,-77.786600855179
61.810585451312,-74.809462004341
52.764722,-78.323889
54.540278,-76.4925
54.506944,-74.831389
54.628889,-74.418611
60.825002803467,-77.617148444988
59.459098256193,-69.894267129712
59.657447780482,-71.538773397915
56.153333,-71.793333
61.110824695788,-72.829950177111
60.400498802774,-70.298906019889
49.893333320506,-79.209444425069
56.645969278179,-69.028791622259
62.08198250737,-75.032527917065
57.551389,-67.869444
49.8875,-75.077778
50.686667,-74.165278
49.636111,-74.959444
49.782011839561,-74.137071599253
60.050246478058,-73.328044270165
58.463240568526,-69.759309939109
58.581111,-77.351389
51.847593071871,-75.312445596792
50.156388874166,-79.314166666009
