44.5002368,-90.0004077
43.0730517,-89.4012302
42.7261309,-87.7828523
43.0389025,-87.9064736
44.0247062,-88.5426136
44.519159,-88.019826
42.5847425,-87.8211854
44.2619309,-88.4153847
43.6274794,-89.7709579
44.3835763,-89.8173466
42.6152536,-89.0414192
44.7783012,-89.6662333
43.7508284,-87.71453
43.0116784,-88.2314813
43.8013556,-91.2395807
42.6827885,-89.0187223
42.5083482,-89.0317765
43.0605671,-88.1064787
-63.29058078,-57.86372705
21.2666667,-165.1333333
44.5235792,-89.574563
43.1836046,-89.2137254
44.9591352,-89.6301221
43.4252776,-88.1834277
44.811349,-91.4984941
42.888627,-88.0384195
44.1858193,-88.462609
42.9764027,-88.1084224
44.0886059,-87.6575841
44.6688524,-90.1717987
43.1788967,-88.1173132
44.8755183,-91.9193422
43.5219263,-89.77068
43.3872247,-87.875644
43.774998376162486,-88.4388256072998
-85.5,-125.0
42.73416,-90.4784621
43.0215853,-91.1196385
43.5391527,-89.0067778
43.5324809,-90.0026259
45.6269162,-89.4631014
44.8613563,-92.6238083
43.7694388,-87.8514785
43.9582995,-90.7379119
44.5439301,-89.5361337
42.9169462,-89.2178937
46.7207737,-92.1040796
45.0994123,-90.305695
43.2116345,-90.1896159
44.1538845,-87.5692479
46.1296742,-89.1173578
43.1947212,-88.7289918
43.0408441,-88.2370371
43.6333219,-88.7295519
44.9258018,-89.6253998
43.0494572,-88.0075875
43.0166806,-88.0070315
43.4219446,-88.1278713
42.8336205,-88.7323272
43.9942881,-88.5532537
42.959738,-87.861471
44.4488805,-88.0603806
43.4300947,-88.6968889
44.8415237,-87.4248531
45.9318981,-89.267911
42.9608322,-89.469843
42.9288944,-88.8370509
43.9499924,-88.0842642
45.1230213,-92.5365865
45.1509381,-92.5430439
42.8858503,-87.8631362
42.9261116,-89.3845634
45.3099451,-92.6917413
44.2572078,-88.5192745
45.9524748,-90.425734
45.9296742,-89.7270937
43.1144092,-88.0337986
44.8991972,-88.5715287
44.2799872,-88.3184394
44.1227773,-87.6834245
44.2022084,-88.4464973
45.1988799,-89.7049847
42.9466825,-87.8967496
45.7965111,-92.6637387
42.9614039,-88.0125865
43.3177794,-88.3789862
46.0283754,-91.4444055
44.9746896,-92.7568703
46.5482781,-90.9187999
44.2780432,-88.2720503
42.5952974,-87.9273009
42.6780726,-88.2762026
43.2966716,-87.9875898
44.9369054,-91.3929348
44.6135909,-88.7312112
45.2830975,-92.372535
43.4577692,-88.837329
46.68613047224803,-92.09881782531738
44.485072,-88.129589
43.938956,-90.253433
45.699960762901235,-90.66185941954882
43.3735978,-89.5756768
-85.8,-125.4
43.8422049,-88.8359447
43.7708219,-88.4884409
44.3374782,-89.1417808
46.7178147,-92.0896674
42.9894297,-91.1540184
45.6560726,-88.9112276
46.6996617,-92.0015786
45.7218043,-89.3720708
42.5530753,-87.9334118
44.4563579,-89.544007
46.0043957,-89.515421
43.7486054,-87.977038
44.3507979,-89.8654036
43.5391486,-89.4626202
44.8644402,-87.4150987
42.5536291,-88.2945365
44.1462385,-88.8394104
43.3902644,-89.4028963
45.3585459,-91.6829012
43.0455396,-91.1395737
43.2869331,-89.7240116
45.5391527,-90.2794624
44.7488565,-92.8021471
44.6722157,-88.2426025
43.55222,-87.9617585
45.6023068,-91.5828774
46.1793617,-91.7644794
44.5892237,-92.4813951
44.0419238,-89.0984504
44.153604,-87.9567618
45.6366228,-89.4120753
45.3144566,-90.1979082
44.9205238,-89.6873454
45.5157903,-91.7282248
45.5060682,-91.7382251
43.256116,-88.1939819
43.4477634,-89.2398379
44.9838558,-92.5560301
42.7414058,-88.2242565
44.7283146,-90.8420502
45.4180421,-86.8181764
43.0783303,-88.9303728
43.4924823,-89.9190141
43.642201,-89.8081805
44.8871907,-89.6201218
43.9271167,-88.8003165
45.5004317,-91.0027939
45.0340677,-92.4527815
42.9675156,-87.8775827
42.554741,-88.1109187
45.9181801,-92.1732704
45.8522146,-91.4956508
43.2708225,-89.722067
43.3816691,-87.9406454
44.9096907,-89.6045659
44.5149879,-88.3303798
42.5025165,-88.7289927
44.8074135,-88.5186797
44.790411,-88.5655712
43.73197219338425,-87.8221321105957
45.730248,-91.9170292
44.1735997,-88.2598276
43.0891787,-87.8875849
42.5733354,-90.23096
42.5461297,-88.165643
43.076606,-88.4929189
42.5236132,-90.5392947
46.7952539,-91.1332019
43.333613,-88.2862065
46.318336,-91.8139088
42.6402973,-87.9103563
45.1244108,-92.6735365
42.9105722,-87.8606367
45.2733128,-90.4378512
44.7577418,-90.2968012
46.0973978,-91.2233398
45.8224475,-91.8893431
43.1752695,-90.0679017
44.8452432,-92.2387957
44.9599657,-90.9370846
46.0231749,-89.484077
43.0214026,-88.0109206
44.8010763,-90.0792975
44.5496859,-91.3926578
42.6980749,-87.8945229
44.6319369,-88.0392708
45.7961003,-89.3069522
43.1338972,-88.2220372
43.139605,-88.4489022
43.5172169,-88.4512114
44.9610785,-90.7998588
43.978576,-90.5040214
45.4710792,-89.7298594
45.826898,-89.6526444
45.4694125,-89.8043063
43.14693,-90.04755
44.0055185,-91.4420883
44.0503593,-91.5550713
46.0413631,-89.6712615
44.2848654,-87.7335337
45.3944027,-92.1424066
42.7267853,-88.682045
42.5311294,-88.2481461
45.7711215,-89.526671
42.688074,-88.0514731
45.5770214,-89.1646719
42.990831,-89.5331773
42.5074345,-88.0840613
43.0044549,-88.3767626
42.5311279,-88.5995456
43.1266614,-89.3678959
46.6732722,-90.8949075
43.1838844,-88.9884421
42.7630722,-88.2142563
43.1697221,-88.7231584
43.0140284,-89.322611
43.1919373,-89.4556749
44.3580348,-89.0859464
44.3305398,-89.0153112
44.5406331,-87.5058681
43.6569157,-90.8542977
43.8835874,-89.4934559
44.8908021,-89.5476204
44.3213695,-88.9337226
45.4480678,-92.3111541
43.1133445,-87.9000856
44.92739,-87.1934
42.7652894,-88.6948269
43.7005266,-90.5615197
46.250861,-91.3097722
42.5780721,-88.5409333
45.0230227,-92.6915909
44.9535753,-92.1735179
46.1172667,-90.1153794
45.9306962,-91.4716338
43.2183254,-89.3415057
43.0535031,-89.4194462
44.0169756,-88.4095327
44.1108154,-88.7126108
43.3272979,-91.1070001
45.269786,-88.514929
44.8271951,-89.1695568
44.9530206,-92.2912993
44.3258229,-88.162881
42.991652,-91.1223512
43.7391616,-87.7817541
45.5719072,-88.9028922
43.1144385,-89.6556777
43.9705548,-89.3587447
45.4829392,-92.101508
42.6055549,-90.4298502
45.5321764,-92.019346
45.5077759,-91.9783218
43.2505472,-89.5015088
42.6016814,-88.7076041
42.6830566,-90.1176258
46.1627675,-90.1404257
43.2477691,-89.3437277
45.1880196,-92.3854703
43.0519434,-89.0756675
46.118643,-89.9114727
43.060842,-88.4037079
42.6330703,-88.6437138
44.3477718,-87.8273152
42.6272197,-90.5920723
42.9602743,-90.1301237
43.014176,-88.4725983
42.8794563,-88.474265
44.5456773,-87.4990784
42.7852922,-88.405096
44.9271888,-89.9634629
42.8352836,-89.0676125
42.5077962,-88.2692579
43.8333269,-88.0178729
42.6727927,-88.5445447
43.6463599,-88.01502
43.0430679,-88.078978
43.7408049,-90.272351
45.4547644,-89.238848
45.2726208,-86.9863583
42.7802831,-89.2992838
43.3844338,-89.0451108
42.9835997,-90.6554041
42.5514056,-88.5751007
46.0606907,-91.1286663
43.565543,-88.9064984
42.7600188,-87.9134133
45.6591194,-92.4671434
43.4705552,-87.9506465
45.635695,-92.5666077
44.0816282,-91.3490376
43.0972174,-89.5042876
42.7755645,-88.943999
42.859997,-90.1798473
45.8719268,-89.6972798
43.5649807,-89.8187359
44.239162,-87.6411949
44.5677422,-91.6709928
43.0683226,-89.3581409
42.6011194,-89.6384532
42.6150083,-89.5898417
43.7913679,-89.3198414
42.5520312,-88.0868616
42.7455607,-89.5948432
44.7930232,-89.7031784
43.008608,-89.7384562
46.1989744,-90.8838692
42.8666803,-88.3334274
46.3623113,-90.6508624
45.1314082,-88.1280763
45.6588086,-90.3055639
45.6965111,-91.2081829
46.2643838,-89.773811
43.2278512,-88.3640832
43.1849868,-90.4431808
42.905848,-88.1389779
46.2059809,-91.0639387
43.0977855,-88.402319
43.3441536,-89.9287354
44.0338871,-90.0835998
44.1289476,-90.1744374
44.559962,-90.5962498
44.5558506,-90.5153467
44.3124644,-89.9042937
42.7349922,-91.0190169
45.5896864,-89.1735295
44.5308273,-87.82593
42.8144473,-89.6351218
42.7872259,-89.6298438
43.8791358,-90.1654067
44.3927582,-88.7398256
43.4316671,-88.0464812
45.247211,-86.9973368
45.7713461,-87.9948467
45.2566848,-87.9080654
44.993023,-92.7568705
42.934456,-88.4053742
43.1116731,-88.4992659
44.8872124,-87.8645473
44.8738805,-88.1428798
44.0394263,-88.7442772
43.8844092,-91.2351393
45.9624824,-88.7739336
45.7183798,-88.4190792
43.6227748,-87.7945323
42.6275093,-89.2531707
45.3205199,-92.7049303
44.5721839,-91.22738
42.8777882,-88.5862122
43.5377608,-89.3001174
45.9343982,-90.4415527
45.8784984,-89.7507391
45.5059148,-89.1993005
42.5380735,-88.3509273
45.1469336,-87.2142764
44.5458008,-92.3318481
44.0177408,-91.4657
45.05443,-87.7492721
43.0805651,-88.2612045
43.5208302,-88.2289851
44.4583321,-87.5031397
43.912493,-88.0356515
44.2722093,-88.3389952
44.8319121,-92.7432567
42.872419,-88.9612044
44.5832931,-87.4885443
44.1708481,-89.1647699
43.8791315,-91.2562507
43.5746959,-90.6404083
45.713324,-88.3933314
45.9696725,-89.8920991
45.4630231,-91.1040358
43.601091,-89.7937358
42.5916836,-88.4334301
42.5650143,-88.5037547
42.9786109,-89.2348386
43.0813888,-88.9117742
46.5149409,-91.6999115
44.9719062,-91.298486
42.8474905,-90.7106822
45.1555228,-89.1090013
43.1461195,-88.1662028
45.614095,-92.1973937
43.4465716,-88.1629058
45.6151459,-88.0586042
46.1695877,-89.2906318
43.376032,-88.2278182
44.2125897,-88.4615507
43.4633322,-88.1392608
43.313878,-89.5265093
43.591382,-88.443713
45.7061952,-91.671473
42.734723,-88.7338082
44.7369073,-90.4959724
45.526879,-88.8464626
45.5760664,-92.4827001
44.5386065,-87.7039813
46.8163241,-90.6890719
44.4644255,-88.919829
44.9291341,-89.8404044
45.099985,-87.6306623
44.670812,-88.889272
45.5817033,-89.1648966
43.1683286,-89.0667775
42.5236845,-88.2562373
43.7971946,-90.0773495
43.4941611,-88.5448237
43.1766586,-89.7948452
45.1385798,-90.3401404
43.1049997,-89.4199365
43.21555,-88.03001
44.1516302,-91.748208
45.1805223,-89.683459
43.1466739,-88.3067614
42.4983517,-88.3281487
43.2286174,-88.1103691
42.7820733,-89.1807698
44.8899914,-88.3073234
43.1352881,-87.9356423
45.0585747,-92.1724075
44.6734893,-89.423827
43.0144402,-90.1101233
43.1344388,-89.435675
43.3197265,-87.9534226
43.8124667,-91.2059693
42.6905362,-90.4395502
45.7763419,-92.6827041
45.208114,-86.9772249
43.8107257,-89.000051
42.9405711,-87.9959191
44.7702406,-90.5993076
45.9352882,-91.415351
45.9954868,-91.752259
42.937515,-88.0486982
45.4946071,-92.4205287
44.978855,-92.4357486
43.3486482,-88.3940073
43.105008,-88.3420398
44.3233102,-89.2173373
46.0130065,-91.4846208
42.5327799,-90.4345722
45.8123732,-88.9474883
44.1402681,-88.1639909
43.6521958,-90.3440178
43.4513836,-88.6312139
44.334705,-88.6381615
45.0605226,-92.791318
44.5436028,-88.0881592
46.4496698,-90.186564
43.3461089,-88.6006572
44.3569071,-91.4204347
45.8140228,-89.301618
44.5080338,-89.1306665
42.8878394,-90.2279134
42.583088,-88.3482567
43.1438923,-88.597323
43.3238919,-88.1667599
43.0055594,-88.8073273
43.076113,-88.7742707
43.4055504,-88.7051037
45.0348883,-87.1585368
45.8675172,-89.7382823
43.4997212,-87.850367
42.8597241,-89.5381766
44.44416,-87.920099
42.7752726,-90.3556832
43.9680365,-88.9434477
46.79389,-90.66139
42.8814034,-88.2067573
45.5720936,-91.9836916
42.5697394,-88.4234297
45.9368477,-89.9803244
44.4774856,-88.4506568
43.1372152,-89.7467896
44.2529937,-90.8477425
45.968181,-89.0881238
44.2944029,-91.2351602
45.1002389,-91.4887724
44.7402679,-88.4448243
45.5349106,-92.3891887
43.1344289,-90.7054045
43.1567779,-90.6807056
46.1374155,-89.6459603
45.0435742,-92.0410145
43.0830515,-89.3731741
44.1772138,-88.0642658
42.558908,-88.0492498
42.6183424,-89.3762278
42.8536139,-89.3703963
43.1633426,-87.9645322
45.1819104,-91.1559774
43.9416359,-89.9992944
42.6900166,-88.3037035
45.8216765,-92.369002
45.7655553,-88.3058263
43.1058437,-88.0695338
44.070128,-88.6388178
44.9480187,-91.1507031
42.8077958,-87.924248
45.4085696,-91.7440591
42.534741,-88.1436976
43.0856924,-88.1796797
43.7419143,-90.7792984
43.5697201,-87.8234219
44.3338666,-89.1690033
45.3141273,-91.6510007
45.8994012,-91.2890571
44.0288803,-88.1628785
44.8652381,-91.4848828
44.9333,-87.20029
45.2613809,-92.2786546
45.2519072,-92.2712996
43.9149942,-87.7473085
42.5577925,-88.865107
44.6205349,-88.7623228
44.9099665,-90.3156911
44.9974614,-91.7271154
44.3296998,-89.1743976
43.3380464,-89.0153875
44.2658205,-88.314273
45.7518949,-90.7362524
43.8435768,-91.2487492
46.37444,-90.64111
45.1671881,-91.1493107
43.0761082,-89.1995593
45.1860783,-89.7495719
45.8951597,-91.4345547
44.946356,-90.315969
43.956082,-89.8181818
42.7077846,-89.4370629
44.6088884,-87.4325891
44.4774923,-88.0162144
44.8046825,-91.4432148
45.3069062,-92.3621369
44.4508079,-89.2848359
44.2527405,-91.5015432
46.5924428,-90.8837982
46.50974,-90.7196
44.4822137,-88.0701034
45.0330224,-90.0740226
43.0655567,-88.8628841
44.9666323,-92.3743576
43.4710944,-89.7442907
46.2157751,-91.8721318
43.0155526,-89.8954011
45.4013471,-91.8490626
45.9469284,-91.6315198
46.8107671,-90.81824
45.6303388,-91.8220982
44.7361071,-87.6209298
43.0288889,-87.9716667
43.1475,-87.9941667
43.0591667,-87.9338889
43.0738889,-87.9205556
45.4180555555556,-91.7736111111111
42.697431,-87.855774
44.068145071465764,-90.91547016819072
44.834404253423564,-87.93430463259106
43.8077629,-88.674832
43.8247079,-88.6217765
43.6861007,-88.5464951
43.5977728,-88.2789873
43.6339498,-89.7756448
44.392981,-89.8262255
43.073885,-89.4109526
43.7535898,-88.4882625
44.1522015,-89.0770603
43.9859699,-88.577243
44.5994359,-88.2451027
44.4391283,-90.124576
43.2788776,-90.0437354
44.2138617,-89.4923422
45.3467611,-88.5677392
44.6291333,-92.1924003
45.4614188,-92.4413947
46.5838289,-91.7990773
45.8096493,-92.0712784
46.7752,-91.38762
44.4760431,-89.5014245
43.5570359,-89.4837052
45.1544253,-87.7945514
43.7688581,-90.8581873
45.3238514,-91.4318257
42.6894392,-90.7120713
44.1205469,-88.0992663
42.821681,-88.3489832
45.0941494,-88.0339927
44.1372024,-88.9953929
45.237184,-91.9815675
43.0516505,-91.1412404
45.5460749,-90.2865388
46.247171,-89.7293228
45.6803816,-90.361373
45.7039363,-90.4092993
43.8508134,-89.1217828
45.5709453,-88.6103045
45.2522812,-88.574053
42.72987,-87.81235
45.7688484,-91.2212727
44.2724808,-88.7698323
43.4494204,-90.7592968
43.3049943,-88.8448278
45.8758674,-92.6225319
42.8427713,-90.3954046
44.912746,-89.6754007
43.2807043,-90.2989191
43.3347053,-90.3867928
43.3756407,-90.4294837
42.7147343,-88.7492728
45.2035726,-91.8954538
43.0022199,-89.9904013
44.8910807,-89.4256735
43.1741758,-87.9242537
45.7534046,-89.0176203
42.6712238,-89.0715769
44.7185727,-91.6898879
46.1819074,-89.7901696
44.6277509,-89.3087256
45.9676416,-89.9564737
43.2494346,-89.6753997
43.3402779,-88.4575991
44.4960752,-89.8076239
46.1478431,-89.570471
45.4751349,-91.1331168
42.878891,-89.3501183
43.4842254,-90.6208918
45.4099615,-92.6396509
45.2375649,-91.4451803
46.2569812,-91.308218
45.1669055,-91.6862801
45.7110618,-91.8065608
43.4267757,-89.9483658
45.7033266,-90.5622756
46.2318629,-91.6890119
45.8826856,-88.4628269
45.8799712,-91.144672
45.2475409,-88.7590585
44.1760899,-89.1145606
45.9860625,-89.5326435
44.4616446,-89.1492785
46.4932809,-90.4143471
46.3139339,-90.8751579
43.2649792,-90.9584606
45.9177166,-88.3723027
43.2783197,-90.290958
42.5058525,-88.0723058
44.7822064,-88.6089917
44.7891468,-88.7654449
43.75622,-87.79999
44.3600141,-87.7134365
45.3105264,-90.9559696
45.7339773,-91.899594
45.7393928,-91.9254537
44.4447056,-88.5789903
45.8976038,-89.8202939
43.0774958,-89.4456756
44.5978769,-92.0266979
46.0031515,-89.9118872
44.5619892,-87.4945958
45.1872112,-87.120945
46.2728969,-90.616659
44.7208265,-88.0720484
43.3952551,-90.7742959
46.3532743,-91.8224113
45.0041341,-92.7585374
44.9894116,-92.6788121
46.6079956,-91.9835234
42.5688955,-89.8798448
43.9441328,-90.8129118
46.1976096,-90.6740431
45.8937674,-88.132303
45.9485594,-91.6882312
42.6416831,-88.4120405
45.1730204,-92.4671398
46.0382844,-89.4723647
45.1969094,-92.5307537
46.4657712,-91.3494652
45.0769125,-90.3151385
43.181093,-90.8587382
42.9266565,-90.6231821
44.0716558,-88.2989947
44.4833009,-92.2621214
43.6619143,-91.2184667
45.8455083,-91.5404467
44.8341639,-87.3770419
46.1027113,-89.0767822
43.0127852,-88.5881562
45.3777403,-89.1948394
44.3465995,-89.1536509
44.9991553,-88.3720464
45.8500548,-90.3860025
46.2438648,-91.2231406
44.9891288,-91.847675
45.5912859,-92.6297804
44.3210709,-91.1198757
45.2115279,-90.5012516
45.3853033,-88.9436145
43.2375067,-87.9787001
44.4735724,-89.3902735
45.79829,-89.1629047
46.1062449,-89.8754206
42.8289045,-88.1975898
44.7408093,-89.0631653
44.8155317,-88.9112178
43.3284396,-88.1905219
45.9352552,-89.9454773
44.3272181,-87.623696
45.4830249,-90.9926422
45.9711775,-89.7929228
45.9385443,-89.7077096
45.3280231,-88.5895516
45.3277814,-88.599745
44.6728894,-89.2738653
45.8996693,-91.8210099
44.3039483,-91.3584634
42.512519,-88.1209188
45.2838642,-92.3911353
45.0074545,-92.2763155
44.0071868,-90.5656887
46.21568,-91.8040808
45.0749155,-88.2529994
43.6852511,-90.2667951
46.0166188,-89.347638
43.085443,-88.4289095
43.0661364,-88.4306947
45.2982122,-88.6586359
46.3691156,-90.4068461
44.0661044,-87.8842583
46.1390597,-89.8896203
45.9821452,-89.6852051
43.5938648,-90.8343822
42.9890902,-89.5113386
44.4821825,-89.9640176
42.6350146,-88.6514918
46.0528872,-89.514767
44.0715944,-89.4480566
43.5569174,-90.8887413
45.9748566,-90.002212
45.4385772,-88.6603872
46.3836662,-91.3085796
45.5525662,-88.777976
43.6747179,-87.9487034
42.6684768,-88.541922
42.7433795,-88.5669909
44.1310741,-90.4998543
45.9492561,-89.7800356
46.1724426,-91.7982412
45.8991792,-91.7912346
43.3684712,-88.2307813
45.3850727,-86.9229253
43.9891487,-88.7717775
43.0181879,-88.3045299
44.470427,-88.9648188
45.370804,-87.9523332
44.1131234,-89.2428831
44.0746995,-89.287897
43.0852617,-90.8831826
46.0307932,-92.1350993
45.8774469,-92.3674164
43.4744275,-89.770402
43.0125142,-87.9725861
43.8991322,-91.0812465
45.3552449,-90.2959798
45.4235737,-91.4084923
45.0444067,-91.9087881
45.1571931,-88.7645511
44.367461,-91.3165482
44.144716,-87.8214788
44.4935795,-89.5587292
44.1660749,-91.7990434
46.0652949,-89.7970778
44.1785884,-89.2490065
44.8919099,-92.299354
42.5127965,-88.1820323
43.8135796,-90.5279093
42.8294603,-88.1586998
42.7844636,-87.7661861
45.8505844,-89.7987159
44.0758178,-88.5251126
45.8196835,-91.0118303
44.0688771,-88.6446589
44.9563574,-90.5976351
43.6527525,-90.2234611
44.4553196,-90.0415818
42.6486162,-89.862623
43.3702763,-88.5187115
43.0899845,-90.801238
45.8963415,-89.6990365
42.5580749,-88.0011924
43.495817,-89.3084506
44.7322143,-88.3637132
42.5119622,-88.4817651
45.1563784,-87.1681659
46.1655043,-90.0626646
42.8983181,-89.0329202
43.2394623,-90.9310479
45.2324755,-88.0076062
45.9714761,-89.2914168
43.2888782,-89.6240104
44.9552462,-90.4345795
45.4267034,-88.548824
45.5705132,-92.6510407
44.5105265,-89.4262266
45.1221865,-92.352969
44.9902428,-92.318523
44.3238521,-89.169039
43.9902546,-89.3565098
44.2730379,-88.6784423
45.2591275,-91.8148954
45.393451,-92.6543899
46.0066117,-92.3713049
46.1950517,-89.4745467
43.0673497,-89.418324
46.0507415,-91.2465486
44.5756314,-92.5087605
45.2335768,-89.1556694
45.6755921,-89.2977188
43.752773,-87.7034187
46.1441173,-90.9503674
42.606005,-88.6087178
42.5841824,-88.6326022
43.9841354,-89.9387386
42.8465724,-88.1688737
46.1460757,-91.7029004
45.9966024,-92.1350051
43.4173523,-89.7316274
44.1321852,-91.5520942
42.9966625,-90.1442899
43.416301,-88.7075246
44.83834,-87.35779
45.0030238,-90.3356913
46.4641098,-91.8994026
45.0463524,-92.1321285
44.7746852,-91.9321186
43.4277649,-89.1501135
45.3560738,-92.6335386
46.3368945,-91.2579668
45.6507923,-88.1715105
44.9465887,-91.8964143
44.6263543,-91.965726
45.6932758,-90.3882553
46.4987768,-91.3572018
42.7069622,-88.1281424
45.9171763,-89.2442988
44.266615,-89.3473768
43.16637,-91.0176275
43.8380296,-89.8067922
44.6921869,-92.0115629
45.7421778,-91.4751631
42.9674944,-90.264568
45.0463807,-87.2970502
45.4357947,-89.1834514
44.7838617,-89.2448364
44.5757974,-91.4701576
44.8730167,-91.6910015
45.2547094,-87.0715033
44.7321897,-92.4874124
44.7810761,-92.1460139
45.1683023,-88.8864975
44.6655362,-88.7073234
45.0830194,-92.2582436
45.993689,-89.6349796
43.7882248,-89.4495208
43.7158123,-89.4662326
45.0794098,-92.4371382
43.4771448,-88.0947363
46.1629881,-89.4475226
46.3696066,-91.2536019
44.1682926,-91.2690443
44.0044258,-88.8417791
44.8424683,-89.6376219
45.6680167,-91.2440479
44.7635717,-91.2770993
45.7444027,-88.4242897
43.8638567,-89.5982923
43.3505324,-91.1020739
45.8796767,-90.4221048
45.3191853,-91.332218
45.1277673,-87.2470532
46.1671414,-90.9859295
46.4035044,-91.2801033
45.848453,-88.3981581
45.0025012,-92.2837416
46.4917471,-91.3498361
42.6708421,-89.2090036
45.1366302,-92.2596325
45.667262,-88.7703803
44.21249,-88.1442689
46.1488673,-89.3762967
44.6899986,-87.4792588
44.1319078,-91.7187628
43.1575097,-87.9017529
46.4985528,-92.2879727
44.199439,-87.7214755
46.0336751,-89.553854
44.3863767,-88.2887154
44.2597027,-88.8648344
45.2581594,-88.5548012
43.5885954,-89.067335
45.8796289,-92.6483167
44.7127512,-89.264281
45.8578513,-89.6636647
45.9249947,-89.6255972
45.5919016,-91.6012768
43.1008335,-88.8467725
46.0038238,-89.1157376
44.6041308,-89.8548477
44.1930179,-90.6476354
45.5260681,-92.5085348
43.02172,-87.92908
44.3277711,-89.1651366
45.9805588,-89.965969
45.8713419,-89.7109807
46.0993882,-91.8249053
46.2481835,-89.7713521
43.0622189,-89.3340068
43.9457451,-90.6178707
46.4280033,-90.2460097
43.2772126,-89.3595614
45.9625068,-89.8870383
42.9672091,-90.8590158
44.1144227,-89.1906732
43.315256,-90.9287389
45.1846963,-88.4737157
45.1912788,-88.5640626
44.5786577,-92.5374923
45.5961458,-92.1770829
46.0640635,-91.1413803
46.0180538,-89.9129838
46.1673679,-90.9675317
46.4979125,-91.3748612
44.1476035,-89.1524735
45.5227396,-89.0248381
44.0260775,-90.0740181
44.4202448,-92.0082223
44.4949737,-89.3098355
44.9808078,-88.8309402
43.3102782,-88.5181557
43.9658121,-89.2176187
45.2041282,-91.5582197
43.9474539,-88.1153264
42.5794625,-88.2278676
43.993883,-87.7264746
44.563042,-88.4634342
46.1008863,-89.4202394
43.4597056,-89.868458
42.7452983,-88.6360961
43.1561175,-88.3706519
45.8519755,-89.4514619
44.989134,-92.7152023
43.8305238,-90.621521
46.386126,-91.20867
45.1845808,-92.4799005
43.9596878,-90.3817982
44.9985144,-88.2205612
46.6082759,-90.696851
44.4519252,-89.0317774
45.4435776,-90.2982037
45.7980162,-91.1168291
43.1233399,-88.4406534
44.5811589,-89.4041253
44.4986009,-88.182881
45.7055934,-89.5217124
43.7258037,-90.59152
44.5204121,-89.2786064
46.126085,-89.3174806
42.9389668,-88.481116
44.3351346,-89.1765809
44.4160896,-88.4649263
44.9485796,-90.5643019
43.7813661,-89.5726232
43.40305,-87.89063
43.7633116,-89.4584549
42.5775187,-88.1050853
46.0665173,-89.6038754
44.9055218,-92.3949126
42.8828892,-88.5975756
42.9402646,-90.9720716
44.2674867,-88.3873289
45.3641312,-89.0165019
45.4994047,-89.1667856
45.6352391,-87.9909531
44.4410785,-92.14795
44.4826502,-92.1496888
45.7350335,-91.5825634
46.0643982,-89.0876332
45.6966257,-90.4004296
45.0510802,-89.0142766
45.35941,-88.9109442
43.911372,-88.7298326
44.719631,-92.4224865
44.4263498,-91.2104365
45.9893248,-89.2152439
46.1430868,-89.31631
44.8838712,-88.6337152
44.48279,-87.51434
42.5813884,-90.6026278
46.1988503,-90.0564399
46.1560975,-89.2113355
45.6824412,-92.0140235
44.9552414,-92.0754594
46.2739663,-91.1155322
43.4963875,-88.0234259
44.761662,-88.2514909
44.5997839,-89.3706198
44.8221909,-89.5903989
46.7791011,-90.7865723
43.5822002,-90.1281824
42.6604994,-90.131722
45.2373087,-90.3727335
43.0058347,-88.9862209
45.8141202,-89.5937534
44.3710777,-89.7565115
44.9263504,-91.3009867
45.3008014,-88.5234396
42.7811619,-90.6810674
46.1623088,-89.2654047
45.5689579,-88.6224451
45.2623626,-89.0719116
45.5646864,-88.6740009
44.1916501,-88.623999
43.0492625,-88.5082195
45.9179541,-88.5114425
43.2552773,-88.6267681
45.0435442,-88.2330025
44.9511001,-88.0467693
44.7680334,-88.8448272
42.5632494,-88.212525
45.7465508,-89.3603345
43.467759,-90.1548485
45.3374637,-89.7346125
42.9177726,-90.2734579
44.6468699,-89.2899818
45.5709919,-88.6598015
45.4324661,-91.5121703
46.0694312,-89.7691077
45.9649544,-91.3679501
45.9711465,-89.708417
44.7174926,-88.0092713
42.8999924,-90.4309595
46.2885256,-91.101708
43.4402612,-90.0359588
43.1833235,-90.1979016
46.1764634,-89.2974388
45.8427371,-88.6678995
44.3226242,-89.1814984
45.9600177,-89.9009824
43.3402719,-88.8170497
46.02714,-89.32044
43.0770845,-88.4343303
43.0525086,-88.4320418
45.2914819,-88.655119
43.2182664,-88.3114136
45.0771928,-90.7245781
45.7569117,-88.3986424
43.7121987,-89.8995699
43.2463681,-91.0562392
42.6511277,-88.3584276
45.1932121,-87.3437519
43.6885275,-89.3428005
45.3227027,-92.2051067
44.5608007,-92.3096252
45.9109075,-88.741451
44.09054,-87.69974
46.1349492,-89.8876584
46.5896621,-91.7207434
43.1183282,-89.3795628
44.7474984,-87.479261
44.8982857,-89.7590591
46.4224488,-90.8168538
45.7163597,-89.1095361
44.276383,-87.8073129
45.3509016,-88.0022249
43.7072047,-88.9901122
43.819581,-89.3987482
45.9921768,-90.1472167
46.4352259,-91.059913
44.1427417,-90.3087435
45.0041364,-89.0420545
43.0124984,-89.2898397
43.0356979,-91.1639744
46.1409315,-90.9212355
44.1305177,-90.9981956
45.0043672,-88.7100057
46.325506,-90.6610165
44.4510731,-90.8412561
43.3733198,-89.6234552
43.3174788,-90.8448502
43.5766383,-91.2242996
42.966678,-88.3712067
44.340918,-89.1443994
45.1666382,-90.8076338
44.4707988,-91.6759899
45.3088514,-89.4965121
45.4958022,-90.8940314
42.8263781,-91.0709618
43.7972158,-88.0473179
44.3858265,-87.9273202
46.1349525,-90.578509
44.913023,-92.6804778
45.6313488,-88.3534528
43.1018867,-89.0327008
46.2468856,-91.7985218
43.2233214,-90.2915132
43.9404335,-87.9807167
44.5663546,-89.1518367
43.8869183,-89.7062359
46.3674497,-91.1082453
42.8674902,-90.7062219
44.5888512,-90.4612469
43.1121677,-88.4160858
42.5788935,-90.0226244
46.064009,-89.7694895
42.6799877,-89.602212
44.7955497,-88.2703795
43.7766602,-88.0839854
44.3133241,-88.0962127
44.3002628,-88.5364954
44.5588273,-89.1002811
43.0980383,-91.1515184
44.8530328,-88.7881604
45.2330373,-88.3731248
44.6016343,-92.5382464
46.5614847,-91.3977649
46.261797,-91.3033662
44.133584,-89.523177
45.2524731,-90.789022
42.6386212,-89.1620579
44.2959308,-87.7340171
45.8971111,-88.9929424
45.6655138,-89.6554181
44.0451647,-87.7375711
44.8874704,-89.3387272
45.6088427,-91.774893
45.5149679,-90.7198659
46.5029963,-91.8607457
44.0224918,-88.1162102
45.8077321,-89.7251462
45.5471875,-89.7154169
44.3449677,-87.7130332
43.0119497,-88.699547
45.8765802,-89.6510717
46.0777257,-89.4005961
46.8324331,-91.2610177
45.5889847,-92.6383262
45.8085575,-92.1751873
44.9627422,-92.2115749
44.6449629,-90.1001309
46.1889953,-89.8297162
46.3888384,-90.7362963
43.0466579,-90.3798465
45.7088419,-88.415823
46.494978,-91.3376695
45.7260254,-88.9681491
45.4591677,-88.7517862
43.6388853,-87.9142578
44.3857944,-91.0143157
45.230394,-91.4033341
42.8758332,-89.936235
45.2244118,-91.1173637
43.9632962,-91.2562539
45.756825,-88.2398446
45.9469436,-88.9338068
43.8338831,-87.8200887
43.236672,-88.2212044
44.5291286,-90.8893143
45.1919096,-92.5588104
43.879968,-90.2717967
46.5332136,-92.1200994
43.0004796,-90.1354301
46.4005038,-90.3243446
46.3170555,-90.2644528
43.3997196,-88.5326008
46.5643859,-91.4082454
44.3191276,-90.8051782
45.7375309,-89.1109377
43.0208208,-88.7758721
45.117465,-92.4363051
45.0452403,-91.2729287
45.1652435,-92.5940894
46.4134638,-91.6536419
42.5897316,-89.5059515
44.5907989,-89.7673452
43.9244411,-90.1140179
45.3530268,-90.8012481
42.6825181,-88.1103639
45.2352438,-88.6338
42.964591,-89.2536481
44.2258273,-87.802312
43.7921919,-90.3684634
45.531356,-90.5870909
42.5728,-87.83981
44.1308869,-88.0477184
42.7949911,-90.8854047
44.7738564,-92.5076915
46.4788091,-91.3179731
44.7152599,-88.6662131
43.1298638,-88.5185425
42.736107,-90.3342946
42.4997415,-88.0711946
42.4980748,-88.0817506
46.1720965,-89.4505662
46.5018907,-91.0768585
46.140766,-90.9737608
42.5697233,-90.3806832
44.7705268,-89.3895617
45.4964558,-92.3295539
45.4304269,-91.5063893
46.1405981,-89.6711185
45.7296358,-91.7375248
44.6155348,-89.0162202
44.0567829,-89.4888124
45.666345,-91.5559979
44.9333038,-89.2095577
42.8042964,-88.184098
45.9288535,-89.6013477
45.8977889,-90.9323794
42.8102794,-89.8620682
44.6132965,-89.9151271
45.8117123,-92.4656797
42.8852664,-90.9234604
43.01773,-89.8346
43.1883183,-90.5667927
45.0655221,-92.5999216
45.4025121,-88.7836016
42.623073,-88.2803694
46.0859569,-89.8515425
46.1132832,-89.6445947
44.8630295,-88.9820527
44.9519088,-91.0348656
46.1271052,-89.9864076
45.9068141,-89.7008401
43.2013821,-89.1806689
45.5627404,-90.1151489
43.6549795,-89.5854005
45.6027334,-91.6721121
45.0271904,-89.6531787
45.9202282,-89.9556879
43.9680454,-88.3089944
44.4743296,-87.9928664
42.6925172,-88.2312011
43.6163809,-88.4906592
42.5777853,-89.7942882
45.4569087,-91.2732106
46.5529965,-91.5765779
46.1622113,-90.0132852
45.2080225,-89.0239999
44.546886,-89.2436223
44.3798322,-91.7544696
45.0216337,-92.6671456
45.0144115,-92.6654788
43.504715,-88.707049
45.8627158,-92.367567
46.5278551,-91.3749376
46.0130088,-90.4904469
46.2080081,-91.2921295
44.0816035,-88.218058
43.542207,-89.1073356
43.0036122,-89.0164995
43.9224669,-90.2715192
45.2357469,-88.5467776
46.1492953,-91.1677097
45.9968241,-89.38436
44.7208113,-88.8914945
44.8091269,-91.5201616
43.6583291,-88.0070381
44.5577747,-87.6181461
42.7144374,-90.9906836
44.0877413,-90.8423591
45.5363557,-90.5298697
44.1427713,-87.8612025
45.2522816,-88.5978237
43.5230345,-90.196238
44.8099895,-88.4523248
43.3822243,-88.0106468
45.4513484,-92.554092
43.6577482,-91.0965205
46.4067727,-91.2780414
46.7024373,-90.7540723
45.7106906,-91.4975703
45.3083126,-91.6339469
45.249541,-88.6053735
44.6269074,-90.3565238
45.0694041,-91.2798887
46.163842,-90.9024046
44.7347109,-90.6120773
45.331349,-92.1712964
43.3113852,-88.7201032
42.9674934,-90.3295686
44.2274643,-91.835157
45.0649843,-88.0342701
44.0855483,-87.9828732
44.0355294,-89.5215116
43.4665983,-89.3337277
42.6122385,-88.4823207
43.0694499,-88.5987119
45.4777337,-92.0751818
46.0546741,-89.2579139
45.3860802,-91.0381966
44.3127722,-87.7745345
43.7021922,-91.0131863
45.1645537,-91.1051039
46.8538214,-91.1018528
45.7955133,-91.3068303
45.7428961,-91.539576
44.7791593,-88.0598261
43.9696261,-89.7706367
43.4227761,-88.3745423
43.6191633,-87.9520364
42.6039009,-89.0712225
45.8659415,-89.3012761
43.4205543,-88.3409305
44.3199654,-91.9148839
44.4371839,-90.911258
45.4169018,-92.0329578
44.2588628,-89.4070628
45.503021,-87.9937262
44.4688628,-89.3126138
45.9323606,-90.0333381
43.2173683,-88.1894191
46.381941,-91.2308524
45.140245,-89.1523353
45.968384,-90.0349108
46.9382671,-90.652962
44.8935843,-87.2276532
43.165548,-89.9129013
45.6596839,-88.8792825
44.6338546,-92.0312839
44.0271908,-89.8879049
43.338044,-89.3803956
42.7011151,-89.8670679
45.6582937,-88.4462301
44.540516,-90.0351302
46.3751932,-91.2406575
45.9063386,-89.6902354
45.8433334,-91.3140035
43.2119477,-88.5162108
45.4238558,-88.0953899
45.6554611,-89.0456347
44.6269065,-90.0076294
44.6802386,-91.1198755
46.0198286,-89.5434376
42.6327908,-88.8676077
43.181933,-90.3245687
43.0727787,-88.8623285
44.3016298,-90.1112426
42.9055428,-91.10124
45.1421019,-88.1561096
45.0649933,-87.1242739
44.6008403,-89.4394684
44.9644905,-92.3906047
44.3096935,-89.5137302
43.8930218,-90.9904109
45.4237233,-91.8483119
45.6368952,-91.992956
43.4436104,-88.1806501
42.5405739,-88.2278675
44.5855232,-92.4504648
46.6354371,-91.1806842
43.1805646,-87.9006421
44.531369,-88.7264875
43.5205513,-88.9023628
46.2350245,-89.6065233
42.5066029,-88.270979
45.3513545,-89.666519
42.9716585,-90.4331808
45.5876517,-92.6576071
44.7349614,-90.7193106
44.4333007,-92.1751731
44.8909469,-88.544061
45.2299359,-91.2755567
44.227757,-88.335913
42.63433,-89.41155
58.578731,8.792367
44.2205996,-89.8084259
44.499248,-88.149862
42.695769958808356,-88.04649777408946
42.98341845934137,-89.7477842524028
43.77610889125107,-88.28093931449784
43.0389017,-88.0436993
45.9855127,-88.6187412
44.947461,-91.3948793
45.1989542,-90.9441968
45.208114,-86.9772249
43.075347,-87.8812581
43.8874862,-88.5042782
43.7320998,-88.3947104
43.6936031,-88.3609356
43.7438722,-88.8670556
43.826381,-88.2462122
43.8113769,-88.4834419
43.7333214,-88.5687187
43.8602691,-88.2814917
43.6021856,-88.18144
43.7352624,-88.7812212
43.6766529,-88.7951092
43.5869385,-88.3706558
43.5987322,-88.2067076
44.0263728,-88.5503913
42.8378744,-88.7418445
43.6312491,-94.9142407
43.0422804,-88.0232815
43.2532647,-87.9150102
45.2523787,-92.5578705
45.1892204,-92.7130617
45.0333254,-92.3775509
43.1193643,-88.3839347
45.3241019,-88.4641308
45.1341335,-89.622068
45.7714416,-90.7154674
44.5249679,-89.5898411
45.5150546,-92.2093268
45.0669208,-88.4269029
45.9158207,-89.828698
46.0262241,-91.2813674
43.7088661,-89.812625
45.8834451,-90.356582
46.4109411,-91.279356
43.2077835,-88.2809277
43.0547174,-90.0734568
43.72108,-91.1734665
46.1016261,-89.225925
44.4535734,-91.3048815
42.64279,-88.39871
43.2224818,-90.7484604
45.3072081,-86.9517833
44.0874832,-88.6292782
46.142176,-89.9820496
43.9335972,-88.4740007
46.6468853,-92.146303
44.4436052,-87.826206
45.1685788,-88.9901102
45.6418983,-92.5290905
45.1410821,-90.8070784
44.5699712,-89.4131715
44.9949669,-89.9934643
46.3844549,-91.3271343
45.791349,-88.6851185
44.5838556,-92.0957291
46.2908223,-91.1373612
43.20705,-90.57331
45.4291331,-91.1620933
42.5286261,-88.9592753
44.0962466,-89.222359
45.4091244,-91.9615663
42.7991695,-89.7529009
45.785894,-90.6697867
45.4407958,-89.0803935
42.8169685,-88.3479352
46.08856,-89.9584926
44.761739,-91.6429453
42.5463726,-88.2981021
44.3780204,-91.7507113
42.5358349,-90.5334613
43.7977447,-91.2279137
45.4824607,-89.1645629
44.373295,-90.4973553
42.9749901,-90.5470703
44.5816281,-91.054597
45.8071788,-90.4601088
42.9013891,-89.6623445
46.0311018,-92.0853425
44.9724675,-92.753259
43.9354228,-87.9786236
44.569412,-92.5393572
43.756546,-89.170401
44.0813836,-87.6711956
45.87301,-88.1056848
43.5169176,-91.0481855
46.790212,-90.8474063
45.9490202,-88.9577906
45.3519114,-90.2882022
44.0144339,-88.3073281
46.1785634,-91.3168504
45.8080451,-91.0970336
44.3420447,-89.1499126
45.6957902,-92.8352098
46.028091,-90.0237813
45.3955144,-92.2846346
45.9710143,-89.300248
44.7435763,-89.9640169
44.5961099,-87.503422
45.8316206,-89.7295914
46.9752083,-90.7943549
45.9801934,-89.8561116
42.8008509,-88.0125843
43.997465,-90.6193002
44.6891303,-91.8843368
46.8554885,-90.787963
43.472474,-91.1448532
46.1413841,-90.9611221
42.642503,-90.047625
43.3760874,-91.0390176
45.2385734,-92.1260168
44.8946948,-89.021776
44.1822162,-87.7992561
44.0574826,-88.6737225
46.0483774,-90.0838875
45.881344,-91.3865574
44.528586,-89.3015938
43.4455303,-91.0806855
44.9152441,-90.7601376
43.8627715,-87.95676
44.9710784,-89.9037396
45.3174662,-90.2084785
44.9208015,-89.6945677
42.7739002,-88.6970491
44.0235864,-89.4353996
45.0750448,-92.56061
43.2413854,-88.7831594
44.1310968,-88.4706661
45.929676,-88.2701324
43.02333,-89.6226222
43.9091509,-88.6403889
44.5891649,-87.5412006
43.000961,-88.9917297
44.8249651,-90.403192
43.4180312,-90.9581843
44.0727603,-88.6862222
44.9527462,-89.6370667
46.6763301,-92.1851921
42.7125093,-89.0701124
44.9620243,-92.569377
44.7366327,-92.2165707
45.418042,-86.8195652
44.0977661,-88.3270512
43.4483127,-90.3640163
42.9719463,-89.0309445
43.2575053,-88.1262029
43.9063552,-90.9193001
46.5857734,-91.9088006
43.6410834,-90.6017974
44.1680502,-87.7056415
44.7141351,-89.6078987
47.0390966,-90.6787945
44.5444117,-89.6403979
45.2582513,-91.1239807
46.5258442,-91.4224832
43.3294237,-90.7404061
43.4591601,-88.7342714
43.5521945,-91.1448538
42.9802852,-88.6312126
45.6719009,-89.3148505
43.7269398,-87.7189747
45.2323356,-88.7193221
44.6013789,-88.3251021
44.2766606,-87.8270359
42.675851,-88.168699
44.6755521,-87.6120387
42.8291695,-89.5523432
43.5410851,-90.7531866
44.2738179,-89.8815283
44.501666,-87.501474
43.7416612,-87.96926
46.0142259,-91.3173793
44.3384217,-89.1672563
46.3563383,-90.4657361
45.2197113,-87.0353912
44.4127584,-88.8628841
44.7432981,-90.0245736
44.0516604,-87.8014774
45.1771918,-90.9881916
45.1788692,-87.7398301
43.2919481,-88.2187048
44.2277405,-89.5318388
44.420898,-89.5544579
44.3130336,-89.1531703
43.9238709,-88.8392787
43.3796983,-91.1362413
44.9077399,-91.8340623
44.4280205,-91.4784893
46.1958203,-89.6099175
42.5547227,-90.6337387
43.4302557,-90.5687398
45.2143199,-90.4467238
44.5133306,-87.6078665
43.442498,-88.3417641
44.0833218,-88.3245511
45.1588556,-92.7443735
44.84386,-92.75576
45.2639967,-92.6219252
45.901619,-89.4873626
43.5133307,-88.1606506
42.6238874,-90.4345725
44.6230229,-92.3574062
42.55863,-88.0923069
46.7813234,-90.865184
44.7455554,-87.356483
46.0416674,-89.4522703
44.7649945,-88.1862138
45.6337552,-89.5345813
46.4330041,-90.9088
46.9457638,-90.8910222
45.3372084,-86.8973399
46.979096,-90.9485241
45.368295,-92.5585352
43.2052618,-90.6115151
44.2654702,-89.1725791
45.5664497,-92.573122
42.6739086,-87.8400761
43.3952615,-90.1520699
42.5433344,-90.6101277
44.8930184,-91.9323983
43.5286098,-87.7945324
46.6385517,-92.1090804
46.3743854,-91.8226892
45.480246,-89.7304154
45.7810584,-91.9529552
46.5169729,-90.4479995
44.6030327,-89.1226109
43.141106,-89.2042811
44.9733,-90.0251314
42.5169547,-89.6395633
44.6929291,-88.6269395
46.3235593,-90.1601725
43.9499934,-87.8939802
45.3972034,-86.9256753
44.5493152,-88.9298907
45.9107865,-91.4601709
42.6900064,-89.6026205
44.8859229,-87.2290507
45.7717377,-89.0176225
45.7742931,-88.3081771
43.964688,-90.6693003
45.87591,-88.32064
44.3727388,-91.0309828
46.1210631,-91.361292
46.4668925,-90.6054617
44.4451855,-87.5258643
43.1086067,-89.2487269
45.920947,-89.3138059
45.2650626,-88.6912541
42.94862,-88.77594
42.9588765,-90.7912378
44.1741291,-90.8045829
46.1174528,-90.6360086
44.0663723,-88.607612
45.0073505,-92.6301163
45.9585518,-89.4364627
45.7094836,-87.8734972
44.6877488,-89.4240063
44.3663694,-88.8092732
43.8387159,-88.0710994
43.8397153,-88.0870414
45.7785496,-89.0180152
44.0257979,-90.3176315
43.7691346,-91.1609671
44.8621949,-89.1028887
44.2607946,-90.7806954
44.9110732,-91.8340624
44.3958102,-89.1981692
46.0761084,-89.9284771
44.4674623,-90.3556893
45.2191337,-88.9878882
44.3569374,-87.9475982
44.7205499,-87.7206538
45.3146775,-89.1999672
44.4949617,-90.516524
44.1752729,-87.6492507
46.016748,-91.4842963
44.1936193,-89.4249096
46.1235594,-91.1951617
44.5527398,-90.638751
44.563871,-89.1323484
43.5569418,-88.0250932
44.054754,-89.2338568
45.630522,-90.9782061
42.525002,-90.5429058
46.737158,-90.8801835
45.7857818,-92.3810284
44.9785786,-92.7510366
44.7202675,-88.4456576
42.966952,-88.6351017
42.5819621,-88.293981
42.7855533,-90.1934596
45.2548501,-88.5924999
44.530831,-87.5831442
44.6891342,-92.6918644
46.0971765,-88.9401321
45.0585791,-89.2851152
44.1416521,-88.4906663
44.3516558,-88.1912149
44.7689552,-91.7064871
43.8290882,-89.3561679
45.0949669,-92.7343717
45.6588078,-89.2776849
44.5785731,-90.7190315
44.7211041,-88.0523264
44.6738565,-92.4968565
45.7652335,-90.3701536
45.1411081,-92.7004803
45.1273332,-92.674918
45.4382993,-88.6362206
45.9071712,-89.4534587
45.7581568,-89.7027024
44.6899934,-88.1512143
45.3691484,-91.4722149
45.3625953,-90.193764
46.6616065,-92.00519
45.960282,-90.2035995
45.2673448,-89.1035098
43.5110978,-88.9989996
45.2175373,-91.4156784
47.0332643,-90.6446271
46.249912,-91.1671267
46.0086461,-89.6997036
44.3557955,-90.4156887
44.3002394,-90.5706899
44.2898558,-89.1034984
45.7378992,-92.1849465
46.2089452,-90.0281085
45.4541321,-90.1143134
45.4530209,-89.9807
44.7049772,-89.0259422
44.7124631,-90.434304
44.1477425,-90.1315198
45.8818986,-88.1398521
44.0066316,-90.6209669
43.1237139,-91.1481612
45.8190783,-89.0815752
44.0233123,-89.1587291
42.6914047,-88.4042626
42.6583417,-89.3084495
43.1919369,-89.5665098
46.0252262,-90.1368293
44.9524902,-88.1648231
45.7168867,-88.2363959
45.9783466,-91.2991829
45.1808295,-92.6154218
44.4002734,-87.684533
46.0071706,-91.6262884
45.1672347,-92.4642945
45.6630132,-89.2217914
46.1468776,-89.8959829
42.6563961,-89.6073424
42.8444488,-89.1731704
43.9824927,-88.0023173
45.1019294,-87.6292735
44.373317,-88.5842708
44.008873,-88.524281
44.0363509,-91.1715323
44.8611019,-88.0484366
44.8833237,-88.0467699
46.9379912,-90.5785156
42.8747246,-89.3101176
44.5113588,-89.4670607
45.1603887,-92.570313
45.1710986,-87.2684436
42.5327802,-90.3787386
43.0871158,-89.5095352
45.4366278,-91.5212741
44.0613558,-89.9759616
46.1378934,-89.9039702
44.4816467,-88.7359322
46.2555277,-91.2064961
45.7943993,-89.3140205
43.4258105,-90.6837404
43.2258348,-88.5798228
45.927931,-89.7414715
45.3234907,-92.3847178
43.0625079,-88.480932
43.0766743,-88.4700984
45.3863487,-91.6523895
46.4713061,-91.6749268
45.9356008,-91.9536922
45.8032872,-89.6423658
46.6041071,-92.05658
44.1635973,-88.4387201
45.2207753,-88.4038801
45.0033017,-89.4920636
43.5016566,-88.8656634
45.6604673,-89.2890373
45.9266732,-89.3382554
45.3521595,-88.6076252
46.4374475,-91.1765799
45.7962954,-90.7001036
42.7069578,-88.637603
45.7853138,-89.9578008
42.8046841,-88.4200902
43.4522139,-88.8303844
45.3091394,-87.9762198
43.4224777,-90.6281845
42.9991684,-88.978443
42.6986301,-87.9584143
44.5133142,-88.9039939
46.0283724,-92.281888
45.0466349,-89.726514
42.9772998,-88.1370481
45.6205127,-91.5668315
46.1646652,-90.0839709
45.2653575,-91.3596593
44.174962,-91.4479299
46.1803035,-89.9997498
43.5451929,-89.1039923
44.5966314,-91.8432207
44.1891603,-87.8620362
43.2841482,-90.6456826
45.4998206,-88.2890854
45.9078815,-89.215111
46.0565335,-91.7360674
44.3419783,-89.140333
46.028904,-90.1113769
44.3805212,-91.8662716
45.7462347,-91.5469076
45.9618586,-89.3057608
43.5266615,-88.4278778
42.6899948,-90.6851271
44.6030509,-87.6931496
45.478129,-90.2004769
43.2586146,-88.3706522
45.4096874,-91.2195957
44.7966475,-88.6912143
43.6711875,-90.2362909
46.4518904,-91.3001913
45.0337221,-92.5875755
42.8075155,-88.2470354
43.0905266,-89.5047489
42.7347357,-88.5814904
44.43133,-92.05032
42.5825138,-88.9270529
45.0066277,-91.4376588
45.6760608,-92.1060166
45.4510768,-90.1951479
45.6699615,-87.8967881
45.4539326,-90.1935095
45.9154954,-89.132542
44.684128,-90.793201
45.924958,-88.6348489
42.5075205,-87.8406298
43.1944372,-89.2937271
44.5891614,-87.7337058
46.022469,-89.2761951
46.559109,-91.3226905
45.876595,-89.8558037
44.6135805,-89.5095627
46.1379984,-91.9399076
46.1680523,-91.4030956
43.4074763,-90.8892956
45.4134675,-92.2891066
46.1674669,-89.9084425
45.6896757,-92.5929811
45.6482891,-92.6727067
45.9113358,-91.8254548
44.6038564,-92.5649141
44.4285783,-92.0679469
44.7316343,-92.5799159
45.5552409,-89.9940363
43.7091382,-90.4042965
42.778903,-88.4448195
42.8097355,-88.465098
44.9341342,-92.7396467
44.9045487,-92.6928768
42.5666866,-87.9011884
42.7194427,-90.2298493
43.5530297,-90.6584638
42.5069601,-88.9148297
45.1550724,-92.6598505
45.5668995,-91.7582258
44.1627584,-88.8923354
43.9292955,-89.2914929
45.4846256,-92.635402
44.4016527,-88.4348256
45.9210163,-91.4731561
46.5058346,-91.3672917
45.2597466,-88.2626235
43.2738752,-90.3129026
42.5313995,-89.5431736
44.2359021,-89.1403151
46.6849884,-91.0575484
43.7924481,-88.9800417
44.966414,-92.5792301
45.359959,-92.0324023
44.3022186,-87.5631378
45.9488429,-88.3054105
45.3538507,-92.5293669
44.875268,-88.3845466
46.3357833,-90.5276815
46.3221705,-90.0885031
42.8244484,-89.301784
42.8436275,-88.0692531
44.8516322,-90.3165242
45.6352569,-91.7676836
45.4638223,-89.194724
44.2174595,-91.3248795
43.0570561,-88.4668546
45.8491046,-91.4697992
43.0379974,-89.3158903
45.9112081,-89.0530811
45.459564,-89.0852518
44.8607294,-88.8003492
46.3565541,-91.8038616
45.5220117,-91.9504989
44.4985779,-91.8923853
44.2049871,-88.3637183
42.9655569,-89.1220579
43.6416391,-90.5417971
44.0532974,-90.4123543
45.2645926,-88.564938
44.9080522,-87.2631561
43.5730321,-90.2742945
42.6763842,-90.7256824
46.3871701,-90.1435062
42.7613034,-88.0426238
44.0377023,-91.3135868
44.0235731,-91.3234787
44.3063503,-90.8098636
44.4096845,-90.1734657
44.6916299,-90.3734691
43.0722172,-89.7856786
42.9036248,-88.2523142
42.4977928,-89.0506657
43.5388709,-89.4459532
42.9133352,-89.222616
43.732773,-87.7356417
44.6616301,-90.1795766
45.2399328,-91.5098496
43.4855292,-91.2126321
43.2069515,-88.0825906
42.5427911,-89.0906668
44.7261108,-87.3775934
44.8616328,-92.3590775
43.0897185,-89.2348379
43.2994327,-89.7281784
45.7041732,-91.1905006
42.5186807,-88.3015693
42.8805618,-88.9048308
43.5060862,-90.668186
45.8989014,-89.1952721
44.0235008,-87.7549533
45.963906,-92.1480889
44.6932614,-89.424211
42.6587922,-88.3670604
45.3021977,-87.7356666
46.6396612,-91.5735206
42.8255553,-90.039847
44.5452723,-87.7542607
44.3860728,-89.9787403
43.5417595,-91.2322842
45.1794245,-87.7626077
45.4510142,-88.8715838
44.58611,-87.55759
45.3085738,-92.4943645
44.9940077,-92.5586453
44.5758007,-92.3585164
46.0866667,-89.1202778
45.3947033,-86.9315085
45.3772059,-86.9009524
44.8265903,-88.4909177
45.3545649,-89.2091144
44.3852396,-90.5984696
43.0200095,-88.4381531
43.0219051,-88.4322631
42.8169747,-88.1682548
43.4749994,-87.9903696
44.3030198,-91.7057103
44.7285775,-92.2568496
44.2102645,-88.4045521
43.5141628,-88.3214866
44.2552707,-87.952596
46.0093877,-92.132688
44.9952452,-92.748259
43.6877736,-87.7720316
45.6899602,-91.2679377
45.7302463,-91.3082004
44.0955477,-88.0434308
46.5999399,-91.8360218
44.5674935,-87.8812106
43.0194308,-90.7654045
44.2860837,-89.460952
44.3046933,-89.5309527
44.2208134,-88.9717809
44.8635785,-92.6371421
46.3001312,-91.0979361
45.5699557,-92.5096457
45.6974577,-89.623344
45.4463576,-89.7493036
43.5463637,-90.5304075
43.0602736,-89.5717884
45.6077998,-88.0802139
43.4666409,-91.0226292
45.7057849,-92.4968667
44.8124641,-92.0715678
43.2049836,-90.6412375
42.5939069,-88.2084224
46.0926277,-91.2078579
43.97108,-89.99707
44.7833077,-89.1187222
45.6553897,-91.1557803
43.6185846,-90.4531852
43.0674834,-91.0779062
43.8258072,-89.854848
43.3605412,-90.0892917
42.5183366,-90.2770713
45.563577,-87.7945628
46.5357788,-90.8507436
46.1293945,-89.4209763
45.3252696,-86.6670607
45.5835995,-88.9976578
46.1181954,-89.7347465
45.2230242,-90.3287546
44.3255181,-90.0273524
45.2376109,-88.6783117
44.9019105,-90.0245751
44.9977656,-87.8353816
45.3513481,-91.786283
44.1814652,-89.2486158
45.4328702,-92.4151252
45.9843955,-89.632925
43.1175107,-87.9714763
43.9340999,-88.7054676
44.3430336,-89.149003
45.9533049,-91.4531558
44.9708008,-92.745203
43.1388974,-88.1842587
46.5391081,-91.5393561
45.6697821,-90.456509
46.0155934,-89.4171491
44.1748151,-89.1739565
44.9582517,-92.1705902
44.1985938,-88.6648325
45.2881764,-92.5388322
46.2218933,-89.8979385
44.3460728,-90.7548628
46.5174415,-91.6010229
42.636671,-89.9526239
45.0204884,-88.4619041
44.0334307,-89.3041353
43.2852665,-89.8873459
45.55607,-92.7227108
45.6139012,-92.6646427
45.7411466,-92.5819894
45.6849573,-91.4609959
46.1432754,-92.2385268
45.6074575,-89.5543018
45.432188,-88.8214992
45.1416358,-88.925109
45.5314103,-92.1527418
43.4724778,-90.4273504
44.9484735,-92.2852814
45.6035721,-90.2920951
44.0699627,-91.461258
44.9602444,-90.0990218
42.9438751,-91.1415183
44.0282977,-90.3845763
43.1261037,-90.1117904
45.7269013,-91.4193291
45.9190534,-92.3985689
45.936613,-92.3901944
45.5260661,-91.9096198
42.7983343,-89.9704023
46.1590337,-91.8218523
44.4499614,-91.1451559
43.2391596,-89.0703882
46.9829854,-90.8635228
42.7419627,-88.0267506
43.4516657,-88.185928
43.9538628,-90.6644623
43.5388647,-90.4298511
44.3130506,-87.7053653
45.4375323,-88.738634
43.9969272,-88.6620563
44.2166477,-88.7862225
45.0149721,-88.8989969
42.5818293,-89.7677217
45.5316314,-88.6542781
44.9516611,-87.3367689
45.4760683,-92.3671391
44.5699679,-89.6076197
46.4727236,-91.2701919
44.7749639,-92.0354549
43.9416329,-90.8029117
44.5557961,-90.3001338
46.5307777,-91.1788026
45.0163509,-91.8343414
44.5866282,-91.1448773
46.1646642,-92.2379715
45.6402381,-90.3473732
43.5716635,-88.08565
45.520628,-88.9239525
44.3146849,-90.0329081
43.4544282,-89.7292904
45.0677425,-91.1468118
45.5699565,-89.4892981
44.3160757,-91.7718224
42.5416808,-89.0312212
45.8491176,-92.6149228
43.7683607,-89.6069687
46.162624,-91.7724027
46.3402188,-91.8115779
43.8058083,-88.0178428
42.9266828,-87.9028605
44.9616553,-87.853159
44.5298827,-90.4189003
44.3561058,-87.7456454
44.0257982,-90.2367977
46.6329954,-91.9588007
45.1719082,-92.3390797
45.1649685,-92.3429976
44.187186,-91.7734872
44.9538777,-87.8159367
45.7832851,-89.5128106
45.591286,-88.3055578
43.5433314,-87.9087017
45.9941771,-89.4152202
46.2160529,-92.1554698
42.9149994,-89.8148455
43.6569261,-89.2065051
44.6877447,-89.713178
44.2433205,-88.3239955
43.3194366,-88.9556638
45.495799,-87.9890038
42.8269474,-89.5131761
43.4230306,-91.1990204
44.5801764,-92.0461398
43.1816612,-89.1034449
43.4705555,-87.8625891
43.3513918,-88.0450914
46.0416981,-89.383086
43.922764,-88.4751116
46.5421633,-92.1979715
44.8331235,-88.4619928
46.2338855,-90.0210037
43.457484,-89.4676199
45.2679744,-88.3269794
43.5633139,-89.8406805
43.3441536,-89.8867908
45.3035734,-92.4282507
45.3566502,-86.9306739
45.3166535,-86.9106725
44.5108009,-92.1351727
47.0704829,-90.7271273
45.9092792,-92.3377692
43.4169293,-89.7037343
45.9811007,-89.7399185
46.5693858,-92.2449163
44.2505177,-91.4734883
44.3763511,-90.1106871
43.2500054,-88.1428698
44.6505231,-92.6290838
42.792491,-90.9195715
43.3536126,-88.2606506
45.8669218,-91.7735112
43.6421952,-90.4401297
44.7538741,-88.728006
44.2621825,-91.0090347
45.5519012,-91.6835013
46.5266072,-91.8046338
43.1702872,-87.8834193
45.2352422,-89.458176
44.8591198,-88.2171373
45.252472,-90.8970783
43.0308318,-89.1998375
44.0394333,-88.3206621
44.1224882,-88.3192732
44.1935973,-88.4476086
43.7008121,-89.5554004
45.6716241,-90.1876512
45.8863469,-90.8309982
46.0833195,-89.4252234
45.0316202,-92.6277237
45.0482974,-91.1682019
46.1352299,-89.0995798
45.3355176,-89.465401
42.5616703,-90.1331812
44.2341555,-88.1984375
44.8661647,-87.2600241
42.8813918,-89.2098379
44.7185744,-91.9054496
43.4385955,-89.5915106
45.2355204,-89.5492894
44.6611058,-87.7134296
44.0169386,-87.7117521
44.6433274,-87.7612081
45.0096901,-90.8612475
42.7033022,-88.1251998
42.6983511,-88.1350869
45.0316281,-91.3959901
46.9438188,-91.0363004
44.9966341,-92.74437
45.0602395,-91.3893231
42.854735,-88.4328749
45.9105032,-91.7604533
43.2683247,-89.1526124
42.6089047,-88.5606562
46.4185013,-91.4609898
45.2530214,-92.6974288
44.4288858,-87.6023087
45.607715,-88.0756614
43.624156,-88.6906624
46.0390435,-91.9228601
44.0477409,-91.5951476
43.151095,-90.7209601
45.3635974,-86.8651187
44.7267696,-91.2859961
43.1383338,-88.7378809
43.8094308,-89.3605365
42.6833502,-88.2737025
44.0033224,-88.3228844
44.6236048,-87.8298209
44.929964,-91.0348664
43.4815774,-88.1276727
44.9641334,-90.8665271
44.4677393,-89.9254054
44.7696888,-92.3440753
44.8705272,-89.2151134
45.6989767,-91.7054825
44.4269079,-91.3996019
42.6716639,-90.3909613
44.87885,-91.6871125
44.5366339,-92.0501704
42.7833251,-90.6137386
44.5752483,-89.4465055
45.2555423,-87.1087253
44.4577736,-87.6842564
45.0583017,-89.1842799
42.6427755,-90.4359615
42.6922419,-87.8222978
43.9383164,-88.7062219
45.1779339,-88.8887392
43.0697173,-89.7979009
42.6561235,-88.8806638
45.0779392,-92.3162408
44.4702922,-89.3378153
45.0908008,-89.8292952
43.428599,-89.0751118
45.4971814,-89.2584545
43.6884792,-89.3913873
46.5146658,-91.4901291
46.0641319,-89.5859713
44.6208008,-92.4387981
43.6310825,-90.9631858
43.6277492,-90.9767968
42.5658349,-90.3276273
45.5127369,-92.6515974
44.6183302,-87.6023143
44.2897026,-88.9315012
46.153577,-91.0338263
45.8121072,-90.68906
43.2516494,-90.628182
42.7905594,-89.5831767
44.6991325,-92.1657348
42.5355571,-90.5606835
44.6002391,-90.9629277
42.6330692,-88.7764948
43.3680325,-90.9429061
44.0849847,-88.5115014
42.6850104,-89.0340004
44.1963507,-90.8398619
45.9918955,-89.6257027
44.7971837,-91.7687811
44.4630278,-89.3856708
43.4558081,-90.9573512
43.899134,-90.7479113
43.5583262,-88.5314917
43.076115,-88.6720465
45.626555,-89.3741274
45.7419427,-89.626397
46.1138437,-91.2196238
46.1342379,-89.8258566
42.7541675,-90.0354031
46.1657044,-90.1199319
45.9508578,-89.8394024
44.866077,-90.015408
45.8360677,-88.3859607
45.004134,-92.7629821
45.6393335,-89.2554763
43.4983316,-88.0606488
44.2132974,-90.1362427
45.9988398,-89.6387588
43.1711063,-89.0648329
43.565543,-88.9026094
43.489439,-88.5426015
43.2933218,-89.7229005
43.2458246,-89.3370609
45.2781235,-88.9834395
43.2875383,-89.6522131
46.2338095,-89.9693837
44.2405506,-87.6800853
43.9558165,-88.6781668
43.9822056,-88.6212235
44.8110857,-89.0426094
43.0161081,-89.5331773
42.8144352,-90.8076266
45.9646001,-89.9237414
46.1191758,-89.2295579
45.1219107,-92.6485354
42.8319347,-90.839849
45.9221758,-88.2517991
45.2540991,-88.3262432
42.6611751,-89.7367475
43.4383092,-90.8384628
44.3711054,-87.7862028
45.718637,-88.4381883
45.1658657,-92.2194966
44.0244286,-88.5217807
42.8969444,-89.7562341
46.3135618,-90.7040726
44.3074384,-89.2666922
44.0908136,-88.9862263
45.6713429,-92.590759
45.1683028,-88.8448302
44.0749634,-90.9137482
45.6499525,-91.8001717
44.998023,-92.7604819
45.4835679,-92.3454716
43.5310994,-88.902609
42.5569628,-88.1845325
42.5139045,-88.9078853
46.2900272,-89.9095213
44.5144366,-88.0281594
44.2127373,-91.1237621
44.3888694,-88.7364925
44.6744352,-88.3623242
45.0517888,-88.5175827
45.3496887,-88.8289982
43.8582986,-91.2604166
44.1496825,-91.322931
43.9705262,-89.816793
42.6424798,-88.0863004
43.2444812,-88.2764014
46.0260389,-92.0860611
45.9582524,-89.3177415
45.0052666,-88.3251009
42.8080616,-89.1276138
44.6126402,-87.6534123
45.6465648,-92.6123811
45.6624587,-89.1381781
44.4778859,-89.2903897
44.6108758,-88.9360492
43.2663966,-87.2225746
46.8824387,-90.481013
45.2916399,-87.9923302
46.0698456,-91.9568229
44.9338662,-88.7395495
46.7710456,-90.7821276
43.0602738,-89.5278992
45.6755343,-89.5340085
44.981078,-90.1795792
45.2272006,-87.7289979
44.5880473,-88.1606588
44.5402445,-89.6776208
46.1618945,-89.2498608
42.7666798,-88.5584341
46.3269859,-91.2611604
42.7344575,-88.6214915
43.8949934,-87.9623157
46.528807,-91.3677507
43.0333181,-90.9301271
43.0300136,-87.9734197
44.0210739,-91.1018063
43.9738527,-91.0951376
46.4068935,-90.7974087
46.0155486,-92.1099581
43.452494,-88.6970484
45.9117208,-91.4775382
45.6233389,-88.0767888
46.0524627,-90.05206
46.2185308,-89.5490148
44.49719,-92.0104456
44.7776648,-89.3523791
44.4574656,-91.7965476
44.6885787,-92.5274134
45.4796852,-88.9831697
43.1911167,-88.3437069
45.1160769,-92.5493648
45.5763484,-89.1551206
44.1119111,-89.9395722
45.4770466,-91.7054246
44.3413533,-91.6648773
43.1711159,-88.4995437
43.3563675,-90.7398509
45.9141443,-88.1641361
45.1068585,-88.420097
44.7716333,-89.787902
43.8068681,-89.366688
43.3702642,-89.6726225
42.8827788,-89.5773437
46.2874414,-92.1549148
43.1351241,-88.4039619
44.7938828,-88.1901023
44.8849761,-88.8245502
46.5704989,-91.0832454
45.6716281,-87.8934548
44.2991594,-87.9889874
46.222174,-90.6276806
45.5051462,-92.143241
42.8333345,-89.8551236
43.8055502,-87.740364
44.7905228,-92.4721351
44.8688795,-88.3695465
44.6927453,-89.2798122
44.2835668,-87.7416614
44.865523,-92.6182527
42.9719319,-90.76096
43.700527,-90.4542969
44.951635,-89.7267908
43.2566479,-90.7337382
45.3883165,-86.8990084
43.4117882,-89.2906023
46.2614165,-90.2444983
42.9042971,-88.9007154
45.7738463,-89.1342921
43.3744743,-88.0206195
44.6747371,-89.2825374
45.2077488,-90.5298518
45.4904248,-88.6714947
45.8786457,-89.2577822
45.1631234,-88.9851962
43.3638356,-88.2810354
45.1894156,-90.4456969
44.3863762,-88.3348263
45.0141592,-87.3328824
46.0016401,-89.954357
45.9532862,-91.4412838
45.600519,-91.2007115
46.5704964,-91.4907446
45.3637348,-92.0486214
43.4158339,-88.0956485
45.7684708,-89.7532574
43.4202772,-88.2709291
46.4499463,-91.2835246
46.2127308,-91.0454642
44.7347173,-87.6700975
46.405869,-91.4180136
43.5947145,-88.5048255
44.5988521,-90.2584668
45.0760789,-89.7884604
44.6110978,-88.4920454
46.5025292,-91.7012963
43.4213856,-88.537601
43.7832092,-89.5777327
46.0001787,-89.9764215
46.2886335,-89.9840112
46.0196791,-88.817907
45.2797039,-89.6276947
43.4461085,-88.3914873
43.3730389,-90.2673479
44.5505228,-92.1657306
45.8356269,-91.8035279
42.6666838,-88.2653689
45.7248588,-89.4020005
44.5019396,-87.7248141
45.2394103,-89.1131686
45.219966,-89.1445579
44.4963512,-90.3651339
44.1524958,-87.5542474
42.5352803,-90.3354051
44.5035858,-89.2637235
44.1696871,-90.0362409
43.7330502,-87.9720377
45.8957912,-91.1860014
44.2194106,-89.8809597
45.7385721,-88.7053933
45.6980101,-89.5101368
43.7116371,-90.8173536
43.589694,-91.0629084
44.0516606,-87.7617538
42.8288954,-89.0215004
45.9864664,-92.0802155
45.8195024,-90.3244712
44.0972053,-88.6398335
44.5319244,-88.8187125
45.1220725,-88.9041068
45.6791198,-91.7026687
46.1389507,-90.9763448
43.0308323,-89.150114
44.3708298,-87.6034185
44.8855266,-89.254281
44.8846492,-89.263877
44.6524748,-89.208446
42.8155459,-90.9659606
45.0988546,-92.6432655
42.7647416,-87.7797972
44.963322,-87.7809369
44.0913505,-91.1168107
42.5744619,-88.3550941
44.4474616,-90.9990387
42.7786286,-88.0709189
43.3808115,-90.7095732
44.2707949,-91.4321007
45.3716418,-91.4725207
44.1533265,-87.9023152
43.8463545,-91.2481938
43.3319331,-89.3253945
43.3702717,-88.7962162
44.2866474,-88.7695538
44.5771898,-92.5476909
45.2244144,-91.4209169
42.9111162,-88.9203865
44.617471,-89.4226166
47.067708,-90.587123
46.3927272,-90.777686
43.994161,-87.6986961
44.4591283,-91.0995985
45.2919304,-86.9801161
44.4097025,-88.793993
45.128299,-92.5449202
